N: 44
M: 14
1 1 
3 2 3 4 
5 5 6 7 8 9 
3 10 11 12 
1 13 
6 14 15 16 17 18 19 
5 20 21 22 23 24 
3 25 26 27 
1 28 
1 29 
3 30 31 32 
3 33 34 35 
4 36 37 38 39 
5 40 41 42 43 44 
Distance Matrix: 
0 9 102 143 102 161 179 136 238 161 69 96 69 6 80 85 107 106 81 80 79 93 94 83 79 80 77 80 106 81 102 132 102 99 78 99 83 93 26 83 32 35 43 71 32 
9 0 93 134 93 152 170 126 229 152 77 102 77 7 86 91 115 112 84 86 69 84 84 76 69 82 83 82 112 86 101 123 101 105 83 105 77 84 32 77 23 26 48 62 23 
102 93 0 55 0 61 82 36 136 61 166 175 166 98 162 162 197 186 145 162 23 9 12 66 23 139 159 139 185 160 122 32 122 179 156 179 77 10 120 77 72 67 127 31 72 
143 134 55 0 55 66 89 28 109 66 197 226 197 140 212 214 246 237 197 212 71 59 67 121 71 192 209 192 236 211 177 57 177 198 207 198 132 64 154 132 117 111 175 77 117 
102 93 0 55 0 61 82 36 136 61 166 175 166 98 162 162 197 186 145 162 23 9 12 66 23 139 159 139 185 160 122 32 122 179 156 179 77 10 120 77 72 67 127 31 72 
161 152 61 66 61 0 24 41 81 0 226 222 226 157 211 210 249 233 189 211 84 70 68 103 84 183 210 183 232 209 153 29 153 239 205 239 113 69 180 113 130 126 181 92 130 
179 170 82 89 82 24 0 66 76 24 245 232 245 174 222 220 260 243 198 222 103 91 87 113 103 191 221 191 241 220 157 49 157 261 215 261 121 88 199 121 147 144 194 111 147 
136 126 36 28 36 41 66 0 104 41 196 210 196 132 197 198 233 222 180 197 58 43 47 99 58 174 195 174 221 196 154 28 154 204 192 204 109 46 151 109 106 101 163 65 106 
238 229 136 109 136 81 76 104 0 81 300 303 300 234 292 291 329 314 270 292 159 145 145 184 159 263 290 263 313 290 232 108 232 306 286 306 194 145 255 194 207 203 261 167 207 
161 152 61 66 61 0 24 41 81 0 226 222 226 157 211 210 249 233 189 211 84 70 68 103 84 183 210 183 232 209 153 29 153 239 205 239 113 69 180 113 130 126 181 92 130 
69 77 166 197 166 226 245 196 300 226 0 113 0 74 100 109 102 118 119 100 143 157 159 151 143 122 97 122 120 103 159 198 159 48 104 48 149 158 46 149 100 102 83 135 100 
96 102 175 226 175 222 232 210 303 222 113 0 113 95 16 12 34 11 34 16 155 168 163 120 155 41 20 41 11 16 85 197 85 161 19 161 111 164 107 111 111 117 54 149 111 
69 77 166 197 166 226 245 196 300 226 0 113 0 74 100 109 102 118 119 100 143 157 159 151 143 122 97 122 120 103 159 198 159 48 104 48 149 158 46 149 100 102 83 135 100 
6 7 98 140 98 157 174 132 234 157 74 95 74 0 79 84 107 105 78 79 75 90 89 77 75 77 76 77 105 79 97 128 97 105 77 105 77 89 31 77 27 31 41 67 27 
80 86 162 212 162 211 222 197 292 211 100 16 100 79 0 10 38 26 29 0 141 155 150 110 141 36 3 36 26 4 82 185 82 147 8 147 101 151 90 101 96 102 38 135 96 
85 91 162 214 162 210 220 198 291 210 109 12 109 84 10 0 43 24 23 10 142 156 151 108 142 30 12 30 23 6 76 184 76 156 8 156 99 152 98 99 99 105 43 137 99 
107 115 197 246 197 249 260 233 329 249 102 34 102 107 38 43 0 28 66 38 176 190 186 148 176 73 39 73 31 41 118 222 118 149 46 149 140 187 110 140 129 135 70 169 129 
106 112 186 237 186 233 243 222 314 233 118 11 118 105 26 24 28 0 44 26 166 179 174 130 166 51 29 51 2 26 94 208 94 166 30 166 121 176 115 121 122 128 64 160 122 
81 84 145 197 145 189 198 180 270 189 119 34 119 78 29 23 66 44 0 29 126 138 133 86 126 7 30 7 43 25 53 164 53 164 22 164 77 134 98 77 87 93 40 121 87 
80 86 162 212 162 211 222 197 292 211 100 16 100 79 0 10 38 26 29 0 141 155 150 110 141 36 3 36 26 4 82 185 82 147 8 147 101 151 90 101 96 102 38 135 96 
79 69 23 71 23 84 103 58 159 84 143 155 143 75 141 142 176 166 126 141 0 15 17 56 0 121 139 121 165 140 110 55 110 158 136 158 66 15 97 66 48 44 105 8 48 
93 84 9 59 9 70 91 43 145 70 157 168 157 90 155 156 190 179 138 155 15 0 10 63 15 133 152 133 178 153 119 41 119 170 149 170 74 7 111 74 63 58 120 22 63 
94 84 12 67 12 68 87 47 145 68 159 163 159 89 150 151 186 174 133 150 17 10 0 55 17 127 148 127 174 149 110 39 110 175 145 175 65 3 113 65 62 58 116 25 62 
83 76 66 121 66 103 113 99 184 103 151 120 151 77 110 108 148 130 86 110 56 63 55 0 56 80 108 80 129 107 56 79 56 181 103 181 11 57 108 11 56 58 84 57 56 
79 69 23 71 23 84 103 58 159 84 143 155 143 75 141 142 176 166 126 141 0 15 17 56 0 121 139 121 165 140 110 55 110 158 136 158 66 15 97 66 48 44 105 8 48 
80 82 139 192 139 183 191 174 263 183 122 41 122 77 36 30 73 51 7 36 121 133 127 80 121 0 37 0 50 32 46 158 46 166 29 166 70 129 99 70 83 89 41 117 83 
77 83 159 209 159 210 221 195 290 210 97 20 97 76 3 12 39 29 30 3 139 152 148 108 139 37 0 37 30 7 82 183 82 144 8 144 100 149 87 100 93 99 35 133 93 
80 82 139 192 139 183 191 174 263 183 122 41 122 77 36 30 73 51 7 36 121 133 127 80 121 0 37 0 50 32 46 158 46 166 29 166 70 129 99 70 83 89 41 117 83 
106 112 185 236 185 232 241 221 313 232 120 11 120 105 26 23 31 2 43 26 165 178 174 129 165 50 30 50 0 26 92 206 92 168 30 168 120 175 116 120 122 128 64 160 122 
81 86 160 211 160 209 220 196 290 209 103 16 103 79 4 6 41 26 25 4 140 153 149 107 140 32 7 32 26 0 78 183 78 150 4 150 99 150 92 99 96 102 38 134 96 
102 101 122 177 122 153 157 154 232 153 159 85 159 97 82 76 118 94 53 82 110 119 110 56 110 46 82 46 92 78 0 132 0 199 74 199 45 113 126 45 90 95 77 109 90 
132 123 32 57 32 29 49 28 108 29 198 197 198 128 185 184 222 208 164 185 55 41 39 79 55 158 183 158 206 183 132 0 132 212 179 212 90 40 151 90 101 97 153 63 101 
102 101 122 177 122 153 157 154 232 153 159 85 159 97 82 76 118 94 53 82 110 119 110 56 110 46 82 46 92 78 0 132 0 199 74 199 45 113 126 45 90 95 77 109 90 
99 105 179 198 179 239 261 204 306 239 48 161 48 105 147 156 149 166 164 147 158 170 175 181 158 166 144 166 168 150 199 212 199 0 150 0 182 173 74 182 125 125 126 150 125 
78 83 156 207 156 205 215 192 286 205 104 19 104 77 8 8 46 30 22 8 136 149 145 103 136 29 8 29 30 4 74 179 74 150 0 150 94 146 91 94 92 98 35 130 92 
99 105 179 198 179 239 261 204 306 239 48 161 48 105 147 156 149 166 164 147 158 170 175 181 158 166 144 166 168 150 199 212 199 0 150 0 182 173 74 182 125 125 126 150 125 
83 77 77 132 77 113 121 109 194 113 149 111 149 77 101 99 140 121 77 101 66 74 65 11 66 70 100 70 120 99 45 90 45 182 94 182 0 67 108 0 59 61 78 66 59 
93 84 10 64 10 69 88 46 145 69 158 164 158 89 151 152 187 176 134 151 15 7 3 57 15 129 149 129 175 150 113 40 113 173 146 173 67 0 112 67 62 58 117 23 62 
26 32 120 154 120 180 199 151 255 180 46 107 46 31 90 98 110 115 98 90 97 111 113 108 97 99 87 99 116 92 126 151 126 74 91 74 108 112 0 108 55 56 59 88 55 
83 77 77 132 77 113 121 109 194 113 149 111 149 77 101 99 140 121 77 101 66 74 65 11 66 70 100 70 120 99 45 90 45 182 94 182 0 67 108 0 59 61 78 66 59 
32 23 72 117 72 130 147 106 207 130 100 111 100 27 96 99 129 122 87 96 48 63 62 56 48 83 93 83 122 96 90 101 90 125 92 125 59 62 55 59 0 6 59 41 0 
35 26 67 111 67 126 144 101 203 126 102 117 102 31 102 105 135 128 93 102 44 58 58 58 44 89 99 89 128 102 95 97 95 125 98 125 61 58 56 61 6 0 65 36 6 
43 48 127 175 127 181 194 163 261 181 83 54 83 41 38 43 70 64 40 38 105 120 116 84 105 41 35 41 64 38 77 153 77 126 35 126 78 117 59 78 59 65 0 99 59 
71 62 31 77 31 92 111 65 167 92 135 149 135 67 135 137 169 160 121 135 8 22 25 57 8 117 133 117 160 134 109 63 109 150 130 150 66 23 88 66 41 36 99 0 41 
32 23 72 117 72 130 147 106 207 130 100 111 100 27 96 99 129 122 87 96 48 63 62 56 48 83 93 83 122 96 90 101 90 125 92 125 59 62 55 59 0 6 59 41 0 
Traveling Time Matrix: 
0 19 204 286 204 322 357 271 476 322 138 191 138 11 159 170 213 212 161 159 158 187 187 166 158 160 153 160 212 161 204 264 204 199 155 199 165 186 51 165 64 70 86 142 64 
19 0 186 268 186 304 339 253 457 304 154 203 154 14 171 182 229 224 167 171 139 168 169 153 139 165 165 165 224 173 201 246 201 209 167 209 154 167 64 154 46 52 97 123 46 
204 186 0 109 0 122 163 71 272 122 331 349 331 196 323 325 394 371 289 323 47 18 24 132 47 278 319 278 370 320 243 65 243 358 312 358 153 21 239 153 143 134 255 63 143 
286 268 109 0 109 131 178 57 218 131 393 451 393 281 423 427 490 473 394 423 143 118 133 241 143 384 418 384 472 421 352 113 352 395 413 395 262 129 308 262 233 222 350 153 233 
204 186 0 109 0 122 163 71 272 122 331 349 331 196 323 325 394 371 289 323 47 18 24 132 47 278 319 278 370 320 243 65 243 358 312 358 153 21 239 153 143 134 255 63 143 
322 304 122 131 122 0 48 83 162 0 452 445 452 314 423 420 497 467 378 423 167 140 136 206 167 365 419 365 464 418 306 58 306 479 410 479 226 137 360 226 259 252 361 183 259 
357 339 163 178 163 48 0 131 151 48 490 464 490 348 444 440 520 485 396 444 206 181 173 225 206 382 441 382 482 439 314 99 314 521 430 521 243 176 398 243 293 288 387 222 293 
271 253 71 57 71 83 131 0 207 83 392 420 392 265 394 396 465 442 360 394 116 87 95 198 116 348 390 348 441 391 308 57 308 407 383 407 219 92 302 219 212 203 326 130 212 
476 457 272 218 272 162 151 207 0 162 599 606 599 468 584 582 658 628 540 584 318 289 291 368 318 527 580 527 626 580 464 216 464 611 571 611 387 291 509 387 415 406 521 334 415 
322 304 122 131 122 0 48 83 162 0 452 445 452 314 423 420 497 467 378 423 167 140 136 206 167 365 419 365 464 418 306 58 306 479 410 479 226 137 360 226 259 252 361 183 259 
138 154 331 393 331 452 490 392 599 452 0 227 0 148 200 218 204 237 237 200 285 313 317 302 285 243 194 243 240 207 318 394 318 95 207 95 298 315 93 298 199 203 165 269 199 
191 203 349 451 349 445 464 420 606 445 227 0 227 189 32 25 67 22 68 32 309 336 326 239 309 82 39 82 21 31 170 393 170 322 38 322 221 328 213 221 222 234 107 298 222 
138 154 331 393 331 452 490 392 599 452 0 227 0 148 200 218 204 237 237 200 285 313 317 302 285 243 194 243 240 207 318 394 318 95 207 95 298 315 93 298 199 203 165 269 199 
11 14 196 281 196 314 348 265 468 314 148 189 148 0 157 168 215 210 155 157 150 179 179 155 150 153 151 153 210 159 195 256 195 210 153 210 154 178 62 154 55 62 83 135 55 
159 171 323 423 323 423 444 394 584 423 200 32 200 157 0 19 76 53 59 0 282 309 301 219 282 72 7 72 53 9 163 369 163 294 15 294 203 303 181 203 192 204 75 270 192 
170 182 325 427 325 420 440 396 582 420 218 25 218 168 19 0 85 47 47 19 285 311 302 215 285 61 25 61 46 12 151 368 151 312 15 312 198 304 196 198 198 210 85 274 198 
213 229 394 490 394 497 520 465 658 497 204 67 204 215 76 85 0 56 131 76 351 379 372 295 351 145 79 145 61 83 236 443 236 298 91 298 279 374 219 279 257 269 140 338 257 
212 224 371 473 371 467 485 442 628 467 237 22 237 210 53 47 56 0 89 53 331 358 348 261 331 103 59 103 5 53 187 415 187 332 60 332 242 350 230 242 244 256 128 320 244 
161 167 289 394 289 378 396 360 540 378 237 68 237 155 59 47 131 89 0 59 252 276 265 172 252 14 60 14 86 51 105 328 105 327 44 327 154 268 196 154 173 185 79 242 173 
159 171 323 423 323 423 444 394 584 423 200 32 200 157 0 19 76 53 59 0 282 309 301 219 282 72 7 72 53 9 163 369 163 294 15 294 203 303 181 203 192 204 75 270 192 
158 139 47 143 47 167 206 116 318 167 285 309 285 150 282 285 351 331 252 282 0 29 34 113 0 242 277 242 330 279 220 109 220 316 271 316 132 30 193 132 97 88 211 16 97 
187 168 18 118 18 140 181 87 289 140 313 336 313 179 309 311 379 358 276 309 29 0 20 127 29 266 304 266 357 306 237 83 237 340 298 340 147 14 221 147 126 117 239 45 126 
187 169 24 133 24 136 173 95 291 136 317 326 317 179 301 302 372 348 265 301 34 20 0 109 34 254 296 254 347 297 220 78 220 350 289 350 130 6 225 130 124 117 233 50 124 
166 153 132 241 132 206 225 198 368 206 302 239 302 155 219 215 295 261 172 219 113 127 109 0 113 159 217 159 258 214 111 158 111 361 205 361 21 114 216 21 112 115 168 114 112 
158 139 47 143 47 167 206 116 318 167 285 309 285 150 282 285 351 331 252 282 0 29 34 113 0 242 277 242 330 279 220 109 220 316 271 316 132 30 193 132 97 88 211 16 97 
160 165 278 384 278 365 382 348 527 365 243 82 243 153 72 61 145 103 14 72 242 266 254 159 242 0 73 0 100 64 92 316 92 332 57 332 140 257 198 140 167 179 82 233 167 
153 165 319 418 319 419 441 390 580 419 194 39 194 151 7 25 79 59 60 7 277 304 296 217 277 73 0 73 59 13 165 365 165 287 17 287 201 298 174 201 186 198 70 265 186 
160 165 278 384 278 365 382 348 527 365 243 82 243 153 72 61 145 103 14 72 242 266 254 159 242 0 73 0 100 64 92 316 92 332 57 332 140 257 198 140 167 179 82 233 167 
212 224 370 472 370 464 482 441 626 464 240 21 240 210 53 46 61 5 86 53 330 357 347 258 330 100 59 100 0 52 183 413 183 335 59 335 239 349 232 239 243 255 128 319 243 
161 173 320 421 320 418 439 391 580 418 207 31 207 159 9 12 83 53 51 9 279 306 297 214 279 64 13 64 52 0 156 365 156 300 9 300 197 300 185 197 191 203 76 268 191 
204 201 243 352 243 306 314 308 464 306 318 170 318 195 163 151 236 187 105 163 220 237 220 111 220 92 165 92 183 156 0 265 0 398 148 398 90 225 253 90 180 190 154 218 180 
264 246 65 113 65 58 99 57 216 58 394 393 394 256 369 368 443 415 328 369 109 83 78 158 109 316 365 316 413 365 265 0 265 423 357 423 179 79 302 179 201 194 305 125 201 
204 201 243 352 243 306 314 308 464 306 318 170 318 195 163 151 236 187 105 163 220 237 220 111 220 92 165 92 183 156 0 265 0 398 148 398 90 225 253 90 180 190 154 218 180 
199 209 358 395 358 479 521 407 611 479 95 322 95 210 294 312 298 332 327 294 316 340 350 361 316 332 287 332 335 300 398 423 398 0 300 0 363 346 148 363 251 250 251 301 251 
155 167 312 413 312 410 430 383 571 410 207 38 207 153 15 15 91 60 44 15 271 298 289 205 271 57 17 57 59 9 148 357 148 300 0 300 188 291 181 188 184 196 70 260 184 
199 209 358 395 358 479 521 407 611 479 95 322 95 210 294 312 298 332 327 294 316 340 350 361 316 332 287 332 335 300 398 423 398 0 300 0 363 346 148 363 251 250 251 301 251 
165 154 153 262 153 226 243 219 387 226 298 221 298 154 203 198 279 242 154 203 132 147 130 21 132 140 201 140 239 197 90 179 90 363 188 363 0 135 216 0 117 122 156 131 117 
186 167 21 129 21 137 176 92 291 137 315 328 315 178 303 304 374 350 268 303 30 14 6 114 30 257 298 257 349 300 225 79 225 346 291 346 135 0 223 135 124 116 234 46 124 
51 64 239 308 239 360 398 302 509 360 93 213 93 62 181 196 219 230 196 181 193 221 225 216 193 198 174 198 232 185 253 302 253 148 181 148 216 223 0 216 109 112 117 177 109 
165 154 153 262 153 226 243 219 387 226 298 221 298 154 203 198 279 242 154 203 132 147 130 21 132 140 201 140 239 197 90 179 90 363 188 363 0 135 216 0 117 122 156 131 117 
64 46 143 233 143 259 293 212 415 259 199 222 199 55 192 198 257 244 173 192 97 126 124 112 97 167 186 167 243 191 180 201 180 251 184 251 117 124 109 117 0 12 117 82 0 
70 52 134 222 134 252 288 203 406 252 203 234 203 62 204 210 269 256 185 204 88 117 117 115 88 179 198 179 255 203 190 194 190 250 196 250 122 116 112 122 12 0 129 73 12 
86 97 255 350 255 361 387 326 521 361 165 107 165 83 75 85 140 128 79 75 211 239 233 168 211 82 70 82 128 76 154 305 154 251 70 251 156 234 117 156 117 129 0 198 117 
142 123 63 153 63 183 222 130 334 183 269 298 269 135 270 274 338 320 242 270 16 45 50 114 16 233 265 233 319 268 218 125 218 301 260 301 131 46 177 131 82 73 198 0 82 
64 46 143 233 143 259 293 212 415 259 199 222 199 55 192 198 257 244 173 192 97 126 124 112 97 167 186 167 243 191 180 201 180 251 184 251 117 124 109 117 0 12 117 82 0 
Time Windows: 
0 1549
0 720
720 855
964 983
372 720
720 787
835 856
267 321
528 536
698 720
873 956
1183 1329
836 873
0 720
873 989
1008 1028
1113 1156
1212 1266
635 691
750 873
720 877
906 919
219 265
374 470
583 720
873 1291
1364 1396
749 873
873 1593
873 1593
720 779
324 426
691 720
873 876
1176 1214
794 873
720 775
190 203
426 433
649 720
720 725
17 77
206 256
454 513
595 720
