N: 91
M: 23
4 1 2 3 4 
1 5 
4 6 7 8 9 
6 10 11 12 13 14 15 
1 16 
6 17 18 19 20 21 22 
1 23 
4 24 25 26 27 
6 28 29 30 31 32 33 
6 34 35 36 37 38 39 
3 40 41 42 
1 43 
4 44 45 46 47 
6 48 49 50 51 52 53 
6 54 55 56 57 58 59 
3 60 61 62 
3 63 64 65 
4 66 67 68 69 
4 70 71 72 73 
6 74 75 76 77 78 79 
6 80 81 82 83 84 85 
5 86 87 88 89 90 
1 91 
Distance Matrix: 
0 161 85 196 161 81 8 92 29 8 113 154 87 129 108 113 70 53 53 82 86 47 53 73 16 82 91 16 2 18 29 60 52 2 117 118 135 114 147 117 132 159 132 140 71 99 108 71 46 109 66 61 73 46 34 42 55 21 10 34 116 122 116 86 83 86 122 121 154 122 15 33 104 15 37 14 42 85 61 37 119 115 71 79 136 119 114 116 167 57 114 140 
161 0 76 95 0 184 153 240 146 153 199 262 186 184 218 199 95 177 177 195 213 138 177 89 161 145 106 161 159 162 138 219 196 159 78 96 64 79 91 78 40 44 40 41 137 207 205 137 133 145 120 143 189 133 161 121 185 167 163 161 56 57 56 85 102 85 39 40 9 39 146 133 261 146 156 160 202 175 113 156 180 215 174 198 212 180 163 216 161 170 163 43 
85 76 0 134 76 125 78 170 75 78 148 207 129 145 160 148 30 110 110 134 148 72 110 18 87 94 51 87 83 88 65 142 125 83 63 78 71 62 96 63 54 77 54 65 82 149 151 82 67 108 61 83 126 67 91 48 118 94 86 91 44 53 44 36 55 36 39 37 70 39 70 60 187 70 81 86 126 110 41 81 138 161 113 135 167 138 123 161 150 105 123 66 
196 95 134 0 95 177 188 248 171 188 176 236 176 148 203 176 130 185 185 189 209 155 185 133 188 138 181 188 194 188 168 255 209 194 79 80 63 82 52 79 82 139 82 71 138 194 186 138 153 119 133 150 187 153 179 156 193 192 202 179 89 81 89 112 113 112 103 107 92 103 182 163 275 182 209 188 236 243 174 209 149 195 171 195 179 149 135 195 99 175 135 70 
161 0 76 95 0 184 153 240 146 153 199 262 186 184 218 199 95 177 177 195 213 138 177 89 161 145 106 161 159 162 138 219 196 159 78 96 64 79 91 78 40 44 40 41 137 207 205 137 133 145 120 143 189 133 161 121 185 167 163 161 56 57 56 85 102 85 39 40 9 39 146 133 261 146 156 160 202 175 113 156 180 215 174 198 212 180 163 216 161 170 163 43 
81 184 125 177 184 0 79 74 61 79 32 82 6 54 35 32 96 29 29 13 33 54 29 107 65 41 156 65 81 63 70 112 47 81 112 100 132 110 126 112 145 200 145 149 47 24 28 47 60 59 66 42 13 60 47 83 31 61 91 47 128 129 128 100 82 100 148 149 175 148 80 74 103 80 118 67 95 166 126 118 46 37 12 19 55 46 50 38 109 24 50 147 
8 153 78 188 153 79 0 97 23 0 111 155 85 125 108 111 62 52 52 82 88 40 52 65 15 77 86 15 6 17 21 68 55 6 109 111 127 106 139 109 123 152 123 132 65 99 107 65 39 104 58 55 73 39 32 34 56 22 15 32 108 114 108 78 75 78 114 113 146 114 7 25 111 7 39 13 50 87 56 39 116 115 68 80 134 116 109 116 161 55 109 132 
92 240 170 248 240 74 97 0 95 97 90 88 76 122 64 90 146 65 65 62 43 102 65 154 84 111 182 84 94 82 104 75 45 94 177 169 198 175 197 177 205 246 205 211 111 66 79 111 107 132 123 101 62 107 79 122 56 76 97 79 187 191 187 157 143 157 202 202 233 202 103 110 30 103 123 85 69 162 152 123 115 77 77 55 108 115 123 78 182 74 123 210 
29 146 75 171 146 61 23 95 0 23 91 141 66 103 93 91 52 38 38 66 76 18 38 59 17 54 96 17 28 17 10 84 50 28 93 92 112 90 121 93 113 151 113 120 43 83 89 43 18 81 39 33 57 18 17 27 44 22 38 17 96 101 96 65 58 65 107 107 139 107 21 15 115 21 60 17 65 108 65 60 94 98 49 65 114 94 87 99 138 37 87 120 
8 153 78 188 153 79 0 97 23 0 111 155 85 125 108 111 62 52 52 82 88 40 52 65 15 77 86 15 6 17 21 68 55 6 109 111 127 106 139 109 123 152 123 132 65 99 107 65 39 104 58 55 73 39 32 34 56 22 15 32 108 114 108 78 75 78 114 113 146 114 7 25 111 7 39 13 50 87 56 39 116 115 68 80 134 116 109 116 161 55 109 132 
113 199 148 176 199 32 111 90 91 111 0 63 26 33 29 0 119 61 61 35 48 81 61 131 97 55 184 97 113 95 100 141 76 113 123 107 142 121 129 123 159 220 159 161 67 24 11 67 87 58 87 66 42 87 79 111 61 92 123 79 143 143 143 119 99 119 166 167 191 166 111 103 120 111 149 99 125 198 154 149 28 18 42 41 23 28 42 18 94 55 42 159 
154 262 207 236 262 82 155 88 141 155 63 0 78 88 48 63 178 104 104 75 68 136 104 190 140 117 237 140 155 138 151 161 105 155 186 171 205 184 191 186 222 282 222 225 127 59 58 127 142 121 147 124 84 142 125 165 99 133 163 125 206 206 206 181 161 181 228 229 254 228 158 155 111 158 191 142 150 237 206 191 88 48 94 76 58 88 104 47 145 104 104 223 
87 186 129 176 186 6 85 76 66 85 26 78 0 50 32 26 100 35 35 14 34 59 35 111 71 42 161 71 87 69 76 117 52 87 113 101 133 111 126 113 147 203 147 151 50 21 23 50 64 58 69 46 17 64 53 88 36 66 97 53 130 131 130 103 84 103 151 152 178 151 86 79 105 86 123 73 100 172 131 123 42 32 17 21 49 42 47 33 106 30 47 149 
129 184 145 148 184 54 125 122 103 125 33 88 50 0 62 33 116 82 82 63 80 88 82 128 113 53 187 113 128 111 110 167 102 128 106 88 122 105 105 106 144 210 144 144 66 57 44 66 93 39 85 72 67 93 95 116 85 110 139 95 130 127 130 111 91 111 154 157 175 154 124 111 152 124 163 114 148 211 159 163 9 50 60 70 30 9 21 50 62 73 21 142 
108 218 160 203 218 35 108 64 93 108 29 48 32 62 0 29 131 56 56 27 26 88 56 142 93 73 189 93 109 91 103 124 62 109 144 130 164 142 154 144 178 235 178 182 81 11 18 81 94 84 100 77 36 94 77 117 52 87 117 77 162 162 162 135 116 135 182 183 209 182 110 107 94 110 145 95 110 192 158 145 57 14 46 28 44 57 69 14 123 56 69 180 
113 199 148 176 199 32 111 90 91 111 0 63 26 33 29 0 119 61 61 35 48 81 61 131 97 55 184 97 113 95 100 141 76 113 123 107 142 121 129 123 159 220 159 161 67 24 11 67 87 58 87 66 42 87 79 111 61 92 123 79 143 143 143 119 99 119 166 167 191 166 111 103 120 111 149 99 125 198 154 149 28 18 42 41 23 28 42 18 94 55 42 159 
70 95 30 130 95 96 62 146 52 62 119 178 100 116 131 119 0 84 84 105 121 45 84 13 67 64 74 67 68 68 44 130 101 68 51 60 67 49 84 51 62 104 62 70 52 120 121 52 39 80 31 54 98 39 67 28 92 73 74 67 46 52 46 18 28 18 56 56 87 56 55 39 166 55 80 66 112 119 52 80 108 131 84 107 137 108 95 132 127 77 95 70 
53 177 110 185 177 29 52 65 38 52 61 104 35 82 56 61 84 0 0 30 38 39 0 93 37 49 134 37 53 35 48 85 24 53 113 105 133 110 134 113 140 187 140 146 47 47 56 47 44 75 59 36 21 44 21 64 8 32 62 21 123 126 123 93 78 93 139 139 169 139 54 53 90 54 90 39 67 138 103 90 73 63 21 28 84 73 72 64 131 11 72 145 
53 177 110 185 177 29 52 65 38 52 61 104 35 82 56 61 84 0 0 30 38 39 0 93 37 49 134 37 53 35 48 86 24 53 113 105 133 110 134 113 140 187 140 146 47 47 56 47 44 75 59 36 21 44 21 64 9 32 62 21 123 126 123 93 78 93 139 139 169 139 55 53 90 55 90 39 67 138 103 90 73 63 21 28 84 73 72 64 131 11 72 145 
82 195 134 189 195 13 82 62 66 82 35 75 14 63 27 35 105 30 30 0 20 62 30 116 67 53 162 67 83 65 76 107 41 83 124 112 144 122 139 124 156 210 156 161 59 17 27 59 68 71 76 52 9 68 50 90 28 61 92 50 139 141 139 111 93 111 158 159 187 158 84 80 91 84 119 69 90 167 131 119 55 33 21 7 57 55 61 34 120 29 61 159 
86 213 148 209 213 33 88 43 76 88 48 68 34 80 26 48 121 38 38 20 0 76 38 131 73 73 172 73 87 71 86 98 37 87 143 132 164 141 159 143 174 225 174 179 77 24 38 77 82 91 93 69 24 82 59 103 32 66 95 59 157 159 157 128 111 128 175 176 204 175 91 91 73 91 123 75 84 169 141 123 73 38 40 15 68 73 80 39 139 43 80 178 
47 138 72 155 138 54 40 102 18 40 81 136 59 88 88 81 45 39 39 62 76 0 39 55 34 37 103 34 45 34 21 101 58 45 78 75 98 75 104 78 102 148 102 109 25 78 81 25 6 63 23 17 54 6 25 30 47 37 56 25 85 89 85 54 43 54 100 100 130 100 37 23 125 37 76 35 82 124 73 76 80 91 42 63 103 80 71 92 121 33 71 108 
53 177 110 185 177 29 52 65 38 52 61 104 35 82 56 61 84 0 0 30 38 39 0 93 37 49 134 37 53 35 48 85 24 53 113 105 133 110 134 113 140 187 140 146 47 47 56 47 44 75 59 36 21 44 21 64 8 32 62 21 123 126 123 93 78 93 139 139 169 139 54 53 90 54 90 39 67 138 103 90 73 63 21 28 84 73 72 64 131 11 72 145 
73 89 18 133 89 107 65 154 59 65 131 190 111 128 142 131 13 93 93 116 131 55 93 0 72 77 62 72 70 73 50 131 109 70 57 69 70 55 91 57 60 94 60 70 64 132 133 64 49 92 44 66 109 49 75 32 101 79 75 75 46 53 46 25 40 25 49 49 81 49 58 44 173 58 76 71 114 111 42 76 121 143 96 118 150 121 107 144 138 88 107 70 
16 161 87 188 161 65 15 84 17 15 97 140 71 113 93 97 67 37 37 67 73 34 37 72 0 67 100 0 16 2 23 68 41 16 109 109 129 107 137 109 128 163 128 136 58 84 93 58 35 95 55 46 58 35 18 40 41 8 26 18 112 117 112 81 75 81 121 121 153 121 19 28 101 19 53 2 48 101 70 53 103 100 55 64 120 103 98 101 153 41 98 136 
82 145 94 138 145 41 77 111 54 77 55 117 42 53 73 55 64 49 49 53 73 37 49 77 67 0 134 67 81 66 59 131 74 81 71 59 91 69 86 71 105 165 105 109 14 63 60 14 41 28 33 21 50 41 51 63 57 67 92 51 89 89 89 64 44 64 111 112 137 111 74 59 138 74 113 69 111 161 106 113 45 70 34 58 73 45 34 71 85 38 34 107 
91 106 51 181 106 156 86 182 96 86 184 237 161 187 189 184 74 134 134 162 172 103 134 62 100 134 0 100 89 103 86 133 141 89 114 129 121 113 147 114 99 82 99 110 121 179 184 121 97 153 102 118 154 97 113 73 140 108 86 113 93 102 93 86 102 86 79 76 103 79 81 82 193 81 65 99 123 70 31 65 179 193 144 162 205 179 167 194 199 133 167 111 
16 161 87 188 161 65 15 84 17 15 97 140 71 113 93 97 67 37 37 67 73 34 37 72 0 67 100 0 16 2 23 68 41 16 109 109 129 107 137 109 128 163 128 136 58 84 93 58 35 95 55 46 58 35 18 40 41 8 26 18 112 117 112 81 75 81 121 121 153 121 19 28 101 19 53 2 48 101 70 53 103 100 55 64 120 103 98 101 153 41 98 136 
2 159 83 194 159 81 6 94 28 6 113 155 87 128 109 113 68 53 53 83 87 45 53 70 16 81 89 16 0 18 27 62 53 0 115 117 133 112 145 115 129 156 129 138 70 100 109 70 44 108 64 60 74 44 34 40 56 22 10 34 114 120 114 84 81 84 120 119 152 120 13 31 106 13 37 14 44 85 59 37 119 116 71 80 136 119 113 117 166 57 113 138 
18 162 88 188 162 63 17 82 17 17 95 138 69 111 91 95 68 35 35 65 71 34 35 73 2 66 103 2 18 0 24 67 39 18 110 109 129 107 138 110 129 164 129 137 57 82 91 57 35 94 56 46 56 35 17 41 39 6 28 17 113 118 113 82 75 82 123 122 154 123 21 29 99 21 55 4 48 103 72 55 102 98 53 62 118 102 97 99 152 39 97 137 
29 138 65 168 138 70 21 104 10 21 100 151 76 110 103 100 44 48 48 76 86 21 48 50 23 59 86 23 27 24 0 88 60 27 88 90 107 86 118 88 106 142 106 114 46 93 99 46 19 85 37 38 67 19 27 18 55 29 36 27 89 95 89 59 54 59 99 99 131 99 16 6 123 16 54 22 69 102 55 54 101 107 59 76 122 101 92 108 141 47 92 113 
60 219 142 255 219 112 68 75 84 68 141 161 117 167 124 141 130 85 86 107 98 101 85 131 68 131 133 68 62 67 88 0 66 62 176 176 195 174 205 176 191 211 191 200 123 120 133 123 102 158 123 112 100 102 80 102 82 65 56 80 175 182 175 146 142 146 180 179 212 180 75 92 69 75 68 67 20 93 110 68 158 136 107 101 164 158 158 137 215 95 158 200 
52 196 125 209 196 47 55 45 50 55 76 105 52 102 62 76 101 24 24 41 37 58 24 109 41 74 141 41 53 39 60 66 0 53 135 129 156 133 158 135 161 202 161 167 71 56 68 71 63 99 80 60 35 63 35 78 18 33 59 35 144 147 144 113 100 113 157 157 188 157 60 66 67 60 87 43 49 132 110 87 93 72 44 36 98 93 95 73 154 35 95 166 
2 159 83 194 159 81 6 94 28 6 113 155 87 128 109 113 68 53 53 83 87 45 53 70 16 81 89 16 0 18 27 62 53 0 115 117 133 112 145 115 129 156 129 138 70 100 109 70 44 108 64 60 74 44 34 40 56 22 10 34 114 120 114 84 81 84 120 119 152 120 13 31 106 13 37 14 44 85 59 37 119 116 71 80 136 119 113 117 166 57 113 138 
117 78 63 79 78 112 109 177 93 109 123 186 113 106 144 123 51 113 113 124 143 78 113 57 109 71 114 109 115 110 88 176 135 115 0 19 21 3 34 0 38 108 38 38 66 134 130 66 75 67 56 76 119 75 103 76 121 114 123 103 27 22 27 33 35 33 52 55 69 52 102 84 202 102 131 110 157 168 99 131 102 139 103 128 134 102 86 140 92 103 86 37 
118 96 78 80 96 100 111 169 92 111 107 171 101 88 130 107 60 105 105 112 132 75 105 69 109 59 129 109 117 109 90 176 129 117 19 0 35 19 29 19 57 127 57 56 58 120 115 58 74 50 53 69 109 74 99 81 114 112 126 99 46 41 46 43 36 43 71 74 88 71 105 86 195 105 137 109 157 178 111 137 85 125 93 118 117 85 68 125 73 95 68 54 
135 64 71 63 64 132 127 198 112 127 142 205 133 122 164 142 67 133 133 144 164 98 133 70 129 91 121 129 133 129 107 195 156 133 21 35 0 23 30 21 28 99 28 23 87 154 149 87 95 84 76 97 140 95 123 94 142 134 141 123 27 19 27 49 56 49 48 52 56 48 120 103 222 120 146 129 176 180 111 146 119 159 124 149 152 119 103 159 99 123 103 21 
114 79 62 82 79 110 106 175 90 106 121 184 111 105 142 121 49 110 110 122 141 75 110 55 107 69 113 107 112 107 86 174 133 112 3 19 23 0 36 3 39 108 39 40 64 132 127 64 73 65 53 74 117 73 100 74 118 112 120 100 27 23 27 31 33 31 52 55 71 52 100 82 199 100 128 107 154 166 97 128 100 137 101 126 133 100 84 138 92 100 84 38 
147 91 96 52 91 126 139 197 121 139 129 191 126 105 154 129 84 134 134 139 159 104 134 91 137 86 147 137 145 138 118 205 158 145 34 29 30 36 0 34 57 129 57 51 86 145 138 86 103 71 82 98 136 103 128 108 142 141 154 128 55 47 55 66 64 66 78 81 83 78 133 114 224 133 163 138 185 202 133 163 104 147 120 144 135 104 88 147 71 123 88 49 
117 78 63 79 78 112 109 177 93 109 123 186 113 106 144 123 51 113 113 124 143 78 113 57 109 71 114 109 115 110 88 176 135 115 0 19 21 3 34 0 38 108 38 38 66 134 130 66 75 67 56 76 119 75 103 76 121 114 123 103 27 22 27 33 35 33 52 55 69 52 102 84 202 102 131 110 157 168 99 131 102 139 103 128 134 102 86 140 92 103 86 37 
132 40 54 82 40 145 123 205 113 123 159 222 147 144 178 159 62 140 140 156 174 102 140 60 128 105 99 128 129 129 106 191 161 129 38 57 28 39 57 38 0 72 0 11 98 168 165 98 98 104 82 105 151 98 126 90 149 135 135 126 17 16 17 48 63 48 22 25 32 22 116 100 227 116 135 128 173 163 96 135 139 175 135 160 172 139 123 176 126 132 123 12 
159 44 77 139 44 200 152 246 151 152 220 282 203 210 235 220 104 187 187 210 225 148 187 94 163 165 82 163 156 164 142 211 202 156 108 127 99 108 129 108 72 0 72 77 154 224 224 154 143 171 134 158 202 143 168 124 195 170 158 168 82 86 82 101 122 101 56 54 48 56 145 136 263 145 144 161 197 151 101 144 205 234 189 212 236 205 189 235 197 181 189 79 
132 40 54 82 40 145 123 205 113 123 159 222 147 144 178 159 62 140 140 156 174 102 140 60 128 105 99 128 129 129 106 191 161 129 38 57 28 39 57 38 0 72 0 11 98 168 165 98 98 104 82 105 151 98 126 90 149 135 135 126 17 16 17 48 63 48 22 25 32 22 116 100 227 116 135 128 173 163 96 135 139 175 135 160 172 139 123 176 126 132 123 12 
140 41 65 71 41 149 132 211 120 132 161 225 151 144 182 161 70 146 146 161 179 109 146 70 136 109 110 136 138 137 114 200 167 138 38 56 23 40 51 38 11 77 11 0 102 171 168 102 105 105 88 111 155 105 133 98 155 142 144 133 25 20 25 55 68 55 32 35 33 32 125 109 234 125 145 136 182 174 106 145 140 178 140 165 173 140 124 178 121 137 124 2 
71 137 82 138 137 47 65 111 43 65 67 127 50 66 81 67 52 47 47 59 77 25 47 64 58 14 121 58 70 57 46 123 71 70 66 58 87 64 86 66 98 154 98 102 0 71 70 0 28 38 20 12 53 28 44 49 56 59 81 44 81 82 81 53 35 53 101 102 128 101 62 46 137 62 101 59 104 148 93 101 58 80 37 62 85 58 47 81 95 37 47 101 
99 207 149 194 207 24 99 66 83 99 24 59 21 57 11 24 120 47 47 17 24 78 47 132 84 63 179 84 100 82 93 120 56 100 134 120 154 132 145 134 168 224 168 171 71 0 14 71 84 75 90 66 26 84 68 107 44 78 109 68 151 152 151 124 105 124 171 173 199 171 101 97 96 101 137 86 105 184 148 137 51 16 36 21 44 51 61 17 118 46 61 170 
108 205 151 186 205 28 107 79 89 107 11 58 23 44 18 11 121 56 56 27 38 81 56 133 93 60 184 93 109 91 99 133 68 109 130 115 149 127 138 130 165 224 165 168 70 14 0 70 87 67 90 68 36 87 75 111 55 87 118 75 149 149 149 123 103 123 170 172 196 170 108 102 109 108 145 95 117 193 154 145 39 10 40 32 31 39 51 11 105 52 51 166 
71 137 82 138 137 47 65 111 43 65 67 127 50 66 81 67 52 47 47 59 77 25 47 64 58 14 121 58 70 57 46 123 71 70 66 58 87 64 86 66 98 154 98 102 0 71 70 0 28 38 20 12 53 28 44 49 56 59 81 44 81 82 81 53 35 53 101 102 128 101 62 46 137 62 101 59 104 148 93 101 58 80 37 62 85 58 47 81 95 37 47 101 
46 133 67 153 133 60 39 107 18 39 87 142 64 93 94 87 39 44 44 68 82 6 44 49 35 41 97 35 44 35 19 102 63 44 75 74 95 73 103 75 98 143 98 105 28 84 87 28 0 66 21 21 60 0 28 24 52 39 54 28 81 85 81 50 40 50 95 95 125 95 35 18 129 35 73 35 83 120 68 73 84 96 48 69 108 84 75 97 123 39 75 104 
109 145 108 119 145 59 104 132 81 104 58 121 58 39 84 58 80 75 75 71 91 63 75 92 95 28 153 95 108 94 85 158 99 108 67 50 84 65 71 67 104 171 104 105 38 75 67 38 66 0 53 48 71 66 79 86 82 95 119 79 90 88 90 72 53 72 115 117 136 115 100 84 161 100 139 96 139 186 127 139 35 76 56 77 67 35 19 77 58 64 19 103 
66 120 61 133 120 66 58 123 39 58 87 147 69 85 100 87 31 59 59 76 93 23 59 44 55 33 102 55 64 56 37 123 80 64 56 53 76 53 82 56 82 134 82 88 20 90 90 20 21 53 0 24 70 21 47 34 67 59 74 47 65 68 65 35 20 35 82 83 111 82 53 35 147 53 89 56 103 135 75 89 78 100 55 79 106 78 65 101 106 50 65 87 
61 143 83 150 143 42 55 101 33 55 66 124 46 72 77 66 54 36 36 52 69 17 36 66 46 21 118 46 60 46 38 112 60 60 76 69 97 74 98 76 105 158 105 111 12 66 68 12 21 48 24 0 46 21 32 45 45 47 70 32 88 91 88 59 42 59 106 107 135 106 53 39 126 53 92 48 92 140 89 92 63 77 31 55 87 63 54 78 106 27 54 109 
73 189 126 187 189 13 73 62 57 73 42 84 17 67 36 42 98 21 21 9 24 54 21 109 58 50 154 58 74 56 67 100 35 74 119 109 140 117 136 119 151 202 151 155 53 26 36 53 60 71 70 46 0 60 41 82 19 52 83 41 134 135 134 104 87 104 152 153 181 152 75 72 90 75 110 60 83 158 123 110 59 42 16 9 65 59 63 43 122 21 63 154 
46 133 67 153 133 60 39 107 18 39 87 142 64 93 94 87 39 44 44 68 82 6 44 49 35 41 97 35 44 35 19 102 63 44 75 74 95 73 103 75 98 143 98 105 28 84 87 28 0 66 21 21 60 0 28 24 52 39 54 28 81 85 81 50 40 50 95 95 125 95 35 18 129 35 73 35 83 120 68 73 84 96 48 69 108 84 75 97 123 39 75 104 
34 161 91 179 161 47 32 79 17 32 79 125 53 95 77 79 67 21 21 50 59 25 21 75 18 51 113 18 34 17 27 80 35 34 103 99 123 100 128 103 126 168 126 133 44 68 75 44 28 79 47 32 41 28 0 44 27 16 44 0 109 113 109 78 67 78 122 123 153 122 34 32 101 34 71 20 60 119 82 71 85 83 36 49 102 85 81 84 137 23 81 132 
42 121 48 156 121 83 34 122 27 34 111 165 88 116 117 111 28 64 64 90 103 30 64 32 40 63 73 40 40 41 18 102 78 40 76 81 94 74 108 76 90 124 90 98 49 107 111 49 24 86 34 45 82 24 44 0 71 47 47 44 74 80 74 45 45 45 81 81 113 81 27 12 140 27 57 39 84 101 44 57 107 120 71 91 132 107 97 121 140 61 97 98 
55 185 118 193 185 31 56 56 44 56 61 99 36 85 52 61 92 8 9 28 32 47 8 101 41 57 140 41 56 39 55 82 18 56 121 114 142 118 142 121 149 195 149 155 56 44 55 56 52 82 67 45 19 52 27 71 0 34 65 27 132 135 132 101 87 101 147 147 177 147 59 60 82 59 93 43 64 140 109 93 76 61 26 24 84 76 77 62 137 19 77 154 
21 167 94 192 167 61 22 76 22 22 92 133 66 110 87 92 73 32 32 61 66 37 32 79 8 67 108 8 22 6 29 65 33 22 114 112 134 112 141 114 135 170 135 142 59 78 87 59 39 95 59 47 52 39 16 47 34 0 31 16 118 123 118 87 79 87 128 128 160 128 27 35 94 27 58 9 45 106 77 58 101 94 51 58 115 101 97 95 153 37 97 142 
10 163 86 202 163 91 15 97 38 15 123 163 97 139 117 123 74 62 62 92 95 56 62 75 26 92 86 26 10 28 36 56 59 10 123 126 141 120 154 123 135 158 135 144 81 109 118 81 54 119 74 70 83 54 44 47 65 31 0 44 120 126 120 92 90 92 124 123 156 124 21 39 107 21 28 24 40 75 57 28 130 125 81 89 146 130 124 126 176 67 124 144 
34 161 91 179 161 47 32 79 17 32 79 125 53 95 77 79 67 21 21 50 59 25 21 75 18 51 113 18 34 17 27 80 35 34 103 99 123 100 128 103 126 168 126 133 44 68 75 44 28 79 47 32 41 28 0 44 27 16 44 0 109 113 109 78 67 78 122 123 153 122 34 32 101 34 71 20 60 119 82 71 85 83 36 49 102 85 81 84 137 23 81 132 
116 56 44 89 56 128 108 187 96 108 143 206 130 130 162 143 46 123 123 139 157 85 123 46 112 89 93 112 114 113 89 175 144 114 27 46 27 27 55 27 17 82 17 25 81 151 149 81 81 90 65 88 134 81 109 74 132 118 120 109 0 9 0 31 46 31 26 29 48 26 100 84 210 100 122 111 157 154 85 122 125 159 118 143 157 125 109 160 118 115 109 24 
122 57 53 81 57 129 114 191 101 114 143 206 131 127 162 143 52 126 126 141 159 89 126 53 117 89 102 117 120 118 95 182 147 120 22 41 19 23 47 22 16 86 16 20 82 152 149 82 85 88 68 91 135 85 113 80 135 123 126 113 9 0 9 36 48 36 32 35 48 32 107 90 214 107 129 117 163 162 93 129 123 159 120 145 155 123 107 159 112 117 107 19 
116 56 44 89 56 128 108 187 96 108 143 206 130 130 162 143 46 123 123 139 157 85 123 46 112 89 93 112 114 113 89 175 144 114 27 46 27 27 55 27 17 82 17 25 81 151 149 81 81 90 65 88 134 81 109 74 132 118 120 109 0 9 0 31 46 31 26 29 48 26 100 84 210 100 122 111 157 154 85 122 125 159 118 143 157 125 109 160 118 115 109 24 
86 85 36 112 85 100 78 157 65 78 119 181 103 111 135 119 18 93 93 111 128 54 93 25 81 64 86 81 84 82 59 146 113 84 33 43 49 31 66 33 48 101 48 55 53 124 123 53 50 72 35 59 104 50 78 45 101 87 92 78 31 36 31 0 20 0 48 49 76 48 72 54 179 72 98 81 128 136 67 98 104 133 89 114 135 104 89 134 114 85 89 55 
83 102 55 113 102 82 75 143 58 75 99 161 84 91 116 99 28 78 78 93 111 43 78 40 75 44 102 75 81 75 54 142 100 81 35 36 56 33 64 35 63 122 63 68 35 105 103 35 40 53 20 42 87 40 67 45 87 79 90 67 46 48 46 20 0 20 67 68 94 67 69 51 167 69 102 75 122 144 79 102 84 113 72 97 115 84 69 114 99 69 69 67 
86 85 36 112 85 100 78 157 65 78 119 181 103 111 135 119 18 93 93 111 128 54 93 25 81 64 86 81 84 82 59 146 113 84 33 43 49 31 66 33 48 101 48 55 53 124 123 53 50 72 35 59 104 50 78 45 101 87 92 78 31 36 31 0 20 0 48 49 76 48 72 54 179 72 98 81 128 136 67 98 104 133 89 114 135 104 89 134 114 85 89 55 
122 39 39 103 39 148 114 202 107 114 166 228 151 154 182 166 56 139 139 158 175 100 139 49 121 111 79 121 120 123 99 180 157 120 52 71 48 52 78 52 22 56 22 32 101 171 170 101 95 115 82 106 152 95 122 81 147 128 124 122 26 32 26 48 67 48 0 3 32 0 107 93 222 107 120 120 163 144 78 120 149 180 137 161 181 149 133 181 143 132 133 34 
121 40 37 107 40 149 113 202 107 113 167 229 152 157 183 167 56 139 139 159 176 100 139 49 121 112 76 121 119 122 99 179 157 119 55 74 52 55 81 55 25 54 25 35 102 173 172 102 95 117 83 107 153 95 123 81 147 128 123 123 29 35 29 49 68 49 3 0 33 3 106 93 221 106 118 120 162 142 76 118 151 182 138 162 183 151 135 183 146 132 135 37 
154 9 70 92 9 175 146 233 139 146 191 254 178 175 209 191 87 169 169 187 204 130 169 81 153 137 103 153 152 154 131 212 188 152 69 88 56 71 83 69 32 48 32 33 128 199 196 128 125 136 111 135 181 125 153 113 177 160 156 153 48 48 48 76 94 76 32 33 0 32 139 125 253 139 151 152 195 171 108 151 171 206 165 190 203 171 155 207 154 161 155 35 
122 39 39 103 39 148 114 202 107 114 166 228 151 154 182 166 56 139 139 158 175 100 139 49 121 111 79 121 120 123 99 180 157 120 52 71 48 52 78 52 22 56 22 32 101 171 170 101 95 115 82 106 152 95 122 81 147 128 124 122 26 32 26 48 67 48 0 3 32 0 107 93 222 107 120 120 163 144 78 120 149 180 137 161 181 149 133 181 143 132 133 34 
15 146 70 182 146 80 7 103 21 7 111 158 86 124 110 111 55 54 55 84 91 37 54 58 19 74 81 19 13 21 16 75 60 13 102 105 120 100 133 102 116 145 116 125 62 101 108 62 35 100 53 53 75 35 34 27 59 27 21 34 100 107 100 72 69 72 107 106 139 107 0 19 117 0 39 17 57 88 50 39 114 116 69 82 134 114 107 117 157 56 107 125 
33 133 60 163 133 74 25 110 15 25 103 155 79 111 107 103 39 53 53 80 91 23 53 44 28 59 82 28 31 29 6 92 66 31 84 86 103 82 114 84 100 136 100 109 46 97 102 46 18 84 35 39 72 18 32 12 60 35 39 32 84 90 84 54 51 54 93 93 125 93 19 0 128 19 55 27 74 102 52 55 102 111 62 80 125 102 93 112 140 51 93 108 
104 261 187 275 261 103 111 30 115 111 120 111 105 152 94 120 166 90 90 91 73 125 90 173 101 138 193 101 106 99 123 69 67 106 202 195 222 199 224 202 227 263 227 234 137 96 109 137 129 161 147 126 90 129 101 140 82 94 107 101 210 214 210 179 167 179 222 221 253 222 117 128 0 117 129 102 71 161 164 129 145 107 105 85 137 145 152 108 211 101 152 233 
15 146 70 182 146 80 7 103 21 7 111 158 86 124 110 111 55 54 55 84 91 37 54 58 19 74 81 19 13 21 16 75 60 13 102 105 120 100 133 102 116 145 116 125 62 101 108 62 35 100 53 53 75 35 34 27 59 27 21 34 100 107 100 72 69 72 107 106 139 107 0 19 117 0 39 17 57 88 50 39 114 116 69 82 134 114 107 117 157 56 107 125 
37 156 81 209 156 118 39 123 60 39 149 191 123 163 145 149 80 90 90 119 123 76 90 76 53 113 65 53 37 55 54 68 87 37 131 137 146 128 163 131 135 144 135 145 101 137 145 101 73 139 89 92 110 73 71 57 93 58 28 71 122 129 122 98 102 98 120 118 151 120 39 55 129 39 0 51 58 49 43 0 154 152 107 117 172 154 146 153 195 94 146 145 
14 160 86 188 160 67 13 85 17 13 99 142 73 114 95 99 66 39 39 69 75 35 39 71 2 69 99 2 14 4 22 67 43 14 110 109 129 107 138 110 128 161 128 136 59 86 95 59 35 96 56 48 60 35 20 39 43 9 24 20 111 117 111 81 75 81 120 120 152 120 17 27 102 17 51 0 48 99 68 51 105 102 57 67 122 105 100 103 154 43 100 135 
42 202 126 236 202 95 50 69 65 50 125 150 100 148 110 125 112 67 67 90 84 82 67 114 48 111 123 48 44 48 69 20 49 44 157 157 176 154 185 157 173 197 173 182 104 105 117 104 83 139 103 92 83 83 60 84 64 45 40 60 157 163 157 128 122 128 163 162 195 163 57 74 71 57 58 48 0 93 96 58 140 121 88 85 147 140 139 122 196 76 139 182 
85 175 110 243 175 166 87 162 108 87 198 237 172 211 192 198 119 138 138 167 169 124 138 111 101 161 70 101 85 103 102 93 132 85 168 178 180 166 202 168 163 151 163 174 148 184 193 148 120 186 135 140 158 120 119 101 140 106 75 119 154 162 154 136 144 136 144 142 171 144 88 102 161 88 49 99 93 0 69 49 202 200 156 164 221 202 195 201 241 142 195 175 
61 113 41 174 113 126 56 152 65 56 154 206 131 159 158 154 52 103 103 131 141 73 103 42 70 106 31 70 59 72 55 110 110 59 99 111 111 97 133 99 96 101 96 106 93 148 154 93 68 127 75 89 123 68 82 44 109 77 57 82 85 93 85 67 79 67 78 76 108 78 50 52 164 50 43 68 96 69 0 43 151 162 114 131 176 151 140 163 178 102 140 107 
37 156 81 209 156 118 39 123 60 39 149 191 123 163 145 149 80 90 90 119 123 76 90 76 53 113 65 53 37 55 54 68 87 37 131 137 146 128 163 131 135 144 135 145 101 137 145 101 73 139 89 92 110 73 71 57 93 58 28 71 122 129 122 98 102 98 120 118 151 120 39 55 129 39 0 51 58 49 43 0 154 152 107 117 172 154 146 153 195 94 146 145 
119 180 138 149 180 46 116 115 94 116 28 88 42 9 57 28 108 73 73 55 73 80 73 121 103 45 179 103 119 102 101 158 93 119 102 85 119 100 104 102 139 205 139 140 58 51 39 58 84 35 78 63 59 84 85 107 76 101 130 85 125 123 125 104 84 104 149 151 171 149 114 102 145 114 154 105 140 202 151 154 0 46 51 62 32 0 17 47 67 64 17 138 
115 215 161 195 215 37 115 77 98 115 18 48 32 50 14 18 131 63 63 33 38 91 63 143 100 70 193 100 116 98 107 136 72 116 139 125 159 137 147 139 175 234 175 178 80 16 10 80 96 76 100 77 42 96 83 120 61 94 125 83 159 159 159 133 113 133 180 182 206 180 116 111 107 116 152 102 121 200 162 152 46 0 49 37 30 46 60 1 112 61 60 176 
71 174 113 171 174 12 68 77 49 68 42 94 17 60 46 42 84 21 21 21 40 42 21 96 55 34 144 55 71 53 59 107 44 71 103 93 124 101 120 103 135 189 135 140 37 36 40 37 48 56 55 31 16 48 36 71 26 51 81 36 118 120 118 89 72 89 137 138 165 137 69 62 105 69 107 57 88 156 114 107 51 49 0 25 65 51 51 50 111 13 51 138 
79 198 135 195 198 19 80 55 65 80 41 76 21 70 28 41 107 28 28 7 15 63 28 118 64 58 162 64 80 62 76 101 36 80 128 118 149 126 144 128 160 212 160 165 62 21 32 62 69 77 79 55 9 69 49 91 24 58 89 49 143 145 143 114 97 114 161 162 190 161 82 80 85 82 117 67 85 164 131 117 62 37 25 0 63 62 68 38 127 30 68 163 
136 212 167 179 212 55 134 108 114 134 23 58 49 30 44 23 137 84 84 57 68 103 84 150 120 73 205 120 136 118 122 164 98 136 134 117 152 133 135 134 172 236 172 173 85 44 31 85 108 67 106 87 65 108 102 132 84 115 146 102 157 155 157 135 115 135 181 183 203 181 134 125 137 134 172 122 147 221 176 172 32 30 65 63 0 32 49 30 88 79 49 171 
119 180 138 149 180 46 116 115 94 116 28 88 42 9 57 28 108 73 73 55 73 80 73 121 103 45 179 103 119 102 101 158 93 119 102 85 119 100 104 102 139 205 139 140 58 51 39 58 84 35 78 63 59 84 85 107 76 101 130 85 125 123 125 104 84 104 149 151 171 149 114 102 145 114 154 105 140 202 151 154 0 46 51 62 32 0 17 47 67 64 17 138 
114 163 123 135 163 50 109 123 87 109 42 104 47 21 69 42 95 72 72 61 80 71 72 107 98 34 167 98 113 97 92 158 95 113 86 68 103 84 88 86 123 189 123 124 47 61 51 47 75 19 65 54 63 75 81 97 77 97 124 81 109 107 109 89 69 89 133 135 155 133 107 93 152 107 146 100 139 195 140 146 17 60 51 68 49 17 0 60 60 62 0 122 
116 216 161 195 216 38 116 78 99 116 18 47 33 50 14 18 132 64 64 34 39 92 64 144 101 71 194 101 117 99 108 137 73 117 140 125 159 138 147 140 176 235 176 178 81 17 11 81 97 77 101 78 43 97 84 121 62 95 126 84 160 159 160 134 114 134 181 183 207 181 117 112 108 117 153 103 122 201 163 153 47 1 50 38 30 47 60 0 112 62 60 177 
167 161 150 99 161 109 161 182 138 161 94 145 106 62 123 94 127 131 131 120 139 121 131 138 153 85 199 153 166 152 141 215 154 166 92 73 99 92 71 92 126 197 126 121 95 118 105 95 123 58 106 106 122 123 137 140 137 153 176 137 118 112 118 114 99 114 143 146 154 143 157 140 211 157 195 154 196 241 178 195 67 112 111 127 88 67 60 112 0 120 60 119 
57 170 105 175 170 24 55 74 37 55 55 104 30 73 56 55 77 11 11 29 43 33 11 88 41 38 133 41 57 39 47 95 35 57 103 95 123 100 123 103 132 181 132 137 37 46 52 37 39 64 50 27 21 39 23 61 19 37 67 23 115 117 115 85 69 85 132 132 161 132 56 51 101 56 94 43 76 142 102 94 64 61 13 30 79 64 62 62 120 0 62 136 
114 163 123 135 163 50 109 123 87 109 42 104 47 21 69 42 95 72 72 61 80 71 72 107 98 34 167 98 113 97 92 158 95 113 86 68 103 84 88 86 123 189 123 124 47 61 51 47 75 19 65 54 63 75 81 97 77 97 124 81 109 107 109 89 69 89 133 135 155 133 107 93 152 107 146 100 139 195 140 146 17 60 51 68 49 17 0 60 60 62 0 122 
140 43 66 70 43 147 132 210 120 132 159 223 149 142 180 159 70 145 145 159 178 108 145 70 136 107 111 136 138 137 113 200 166 138 37 54 21 38 49 37 12 79 12 2 101 170 166 101 104 103 87 109 154 104 132 98 154 142 144 132 24 19 24 55 67 55 34 37 35 34 125 108 233 125 145 135 182 175 107 145 138 176 138 163 171 138 122 177 119 136 122 0 
Traveling Time Matrix: 
0 321 169 392 321 162 16 183 57 16 225 308 173 257 215 225 139 105 105 164 172 93 105 145 32 164 181 32 4 36 57 120 103 4 233 236 269 228 292 233 262 316 262 280 143 199 216 143 91 218 131 122 146 91 68 83 111 42 20 68 230 242 230 171 166 171 243 242 307 243 30 65 208 30 74 28 83 170 121 74 239 230 141 159 271 239 228 232 334 114 228 279 
321 0 153 190 0 367 306 480 293 306 398 524 372 367 435 398 190 354 354 389 424 276 354 177 320 290 212 320 317 323 276 436 391 317 156 192 126 158 181 156 81 88 81 81 273 414 410 273 267 289 239 287 377 267 322 241 370 334 324 322 112 113 112 169 204 169 79 80 17 79 292 265 521 292 312 319 404 350 227 312 359 430 347 396 423 359 326 431 323 339 326 85 
169 153 0 267 153 250 155 338 149 155 297 414 257 289 319 297 60 220 220 268 296 144 220 35 173 188 102 173 165 177 130 284 250 165 126 156 142 123 192 126 109 154 109 130 163 298 301 163 133 215 123 166 252 133 183 95 235 188 172 183 89 106 89 73 110 73 77 74 140 77 141 119 374 141 163 171 252 219 82 163 275 321 226 270 333 275 246 322 299 210 246 131 
392 190 267 0 190 353 376 495 341 376 353 472 352 296 406 353 259 370 370 378 418 310 370 267 375 275 362 375 388 376 335 509 418 388 159 161 127 164 103 159 163 278 163 143 276 388 371 276 306 239 265 299 374 306 358 311 386 384 404 358 179 162 179 223 227 223 207 213 183 207 363 327 549 363 418 376 471 486 348 418 298 389 343 390 357 298 269 390 197 349 269 140 
321 0 153 190 0 367 306 480 293 306 398 524 372 367 435 398 190 354 354 389 424 276 354 177 320 290 212 320 317 323 276 436 391 317 156 192 126 158 181 156 81 88 81 81 273 414 410 273 267 289 239 287 377 267 322 241 370 334 324 322 112 113 112 169 204 169 79 80 17 79 292 265 521 292 312 319 404 350 227 312 359 430 347 396 423 359 326 431 323 339 326 85 
162 367 250 353 367 0 159 147 122 159 63 165 11 109 70 63 192 58 58 25 65 108 58 215 130 82 312 130 162 126 141 225 94 162 224 200 264 219 252 224 289 400 289 297 94 48 56 94 119 117 131 84 26 119 95 166 62 121 181 95 256 258 256 200 163 200 295 297 351 295 161 148 205 161 235 134 189 331 251 235 92 73 24 37 110 92 99 75 218 49 99 294 
16 306 155 376 306 159 0 193 45 0 221 310 170 249 216 221 123 104 104 163 175 80 104 129 30 153 172 30 12 34 42 136 109 12 217 221 253 212 277 217 246 303 246 264 130 198 214 130 78 207 117 111 145 78 64 68 112 44 31 64 214 227 214 156 150 156 228 226 292 228 14 49 221 14 77 26 99 174 111 77 231 229 137 159 267 231 219 231 321 110 219 263 
183 480 338 495 480 147 193 0 189 193 180 176 151 245 128 180 291 129 129 123 86 205 129 306 167 220 363 167 187 164 208 151 89 187 353 338 394 348 393 353 408 491 408 421 222 131 159 222 214 263 246 201 122 214 158 243 112 152 194 158 374 381 374 313 285 313 402 402 464 402 204 219 60 204 245 170 138 323 303 245 231 155 153 110 215 231 245 156 363 148 245 419 
57 293 149 341 293 122 45 189 0 45 183 281 133 206 185 183 103 76 76 132 153 36 76 117 34 108 193 34 55 35 20 168 101 55 184 183 223 179 240 184 225 302 225 241 86 166 178 86 36 162 77 66 114 36 34 54 89 44 76 34 192 201 192 130 115 130 214 214 277 214 41 31 229 41 120 35 130 216 131 120 188 195 99 130 228 188 174 197 277 74 174 239 
16 306 155 376 306 159 0 193 45 0 221 310 170 249 216 221 123 104 104 163 175 80 104 129 30 153 172 30 12 34 42 136 109 12 217 221 253 212 277 217 246 303 246 264 130 198 214 130 78 207 117 111 145 78 64 68 112 44 31 64 214 227 214 156 150 156 228 226 292 228 14 49 221 14 77 26 99 174 111 77 231 229 137 159 267 231 219 231 321 110 219 263 
225 398 297 353 398 63 221 180 183 221 0 127 52 66 58 0 237 121 121 69 96 163 121 262 193 111 368 193 225 189 200 282 151 225 246 214 283 242 258 246 318 440 318 322 134 49 22 134 173 117 174 133 84 173 157 221 122 184 244 157 287 286 287 237 198 237 331 335 381 331 222 206 240 222 298 197 248 394 308 298 57 36 84 82 47 57 84 37 189 111 84 319 
308 524 414 472 524 165 310 176 281 310 127 0 157 176 97 127 356 207 207 150 136 272 207 379 280 235 474 280 310 276 301 321 209 310 372 341 410 369 382 372 444 563 444 449 255 117 115 255 283 242 294 248 168 283 250 330 198 266 326 250 413 412 413 360 322 360 455 458 507 455 316 310 223 316 382 284 299 472 412 382 175 95 189 152 116 175 207 94 291 209 207 445 
173 372 257 352 372 11 170 151 133 170 52 157 0 100 63 52 199 69 69 28 67 117 69 222 141 84 322 141 173 137 151 234 104 173 227 202 266 222 252 227 294 407 294 301 99 42 46 99 129 115 138 91 35 129 106 176 72 132 192 106 261 263 261 205 168 205 300 303 356 300 172 158 210 172 246 145 199 342 261 246 84 64 34 41 99 84 94 66 213 60 94 298 
257 367 289 296 367 109 249 245 206 249 66 176 100 0 124 66 231 163 163 126 159 176 163 257 225 106 374 225 256 222 219 333 203 256 212 176 245 209 209 212 287 420 287 288 133 114 88 133 185 79 171 143 135 185 189 231 170 220 277 189 260 255 260 221 181 221 308 313 350 308 247 221 305 247 325 229 296 422 318 325 18 100 121 139 61 18 43 100 123 146 43 284 
215 435 319 406 435 70 216 128 185 216 58 97 63 124 0 58 261 112 112 54 52 177 112 284 186 146 378 186 217 182 205 248 123 217 288 261 327 284 308 288 356 469 356 363 162 22 36 162 188 168 201 153 71 188 154 234 105 173 233 154 324 325 324 268 231 268 363 366 419 363 221 213 187 221 289 190 219 383 316 289 114 27 93 57 87 114 138 28 247 112 138 360 
225 398 297 353 398 63 221 180 183 221 0 127 52 66 58 0 237 121 121 69 96 163 121 262 193 111 368 193 225 189 200 282 151 225 246 214 283 242 258 246 318 440 318 322 134 49 22 134 173 117 174 133 84 173 157 221 122 184 244 157 287 286 287 237 198 237 331 335 381 331 222 206 240 222 298 197 248 394 308 298 57 36 84 82 47 57 84 37 189 111 84 319 
139 190 60 259 190 192 123 291 103 123 237 356 199 231 261 237 0 167 167 210 241 89 167 26 133 129 147 133 135 135 88 259 202 135 102 119 133 97 168 102 124 209 124 141 104 240 242 104 79 159 63 108 196 79 133 56 183 146 148 133 91 104 91 36 56 36 112 112 174 112 109 77 332 109 159 132 222 237 103 159 216 262 169 214 274 216 189 263 253 155 189 140 
105 354 220 370 354 58 104 129 76 104 121 207 69 163 112 121 167 0 0 59 77 78 0 186 74 99 268 74 106 70 96 171 49 106 225 211 266 220 267 225 280 374 280 292 95 94 111 95 89 150 117 73 41 89 43 127 17 63 124 43 246 252 246 185 156 185 277 279 338 277 109 106 180 109 179 78 133 275 206 179 145 125 43 56 168 145 145 127 261 22 145 290 
105 354 220 370 354 58 104 129 76 104 121 207 69 163 112 121 167 0 0 59 77 78 0 186 74 99 268 74 106 70 96 171 49 106 225 211 266 220 267 225 280 374 280 292 95 94 111 95 89 150 117 73 41 89 43 127 17 63 124 43 246 252 246 185 156 185 277 279 338 277 109 106 180 109 179 78 133 275 206 179 145 125 43 56 168 145 145 127 261 22 145 290 
164 389 268 378 389 25 163 123 132 163 69 150 28 126 54 69 210 59 59 0 40 124 59 233 133 106 324 133 165 129 151 213 82 165 248 225 288 243 277 248 312 418 312 321 117 35 55 117 135 142 152 104 18 135 100 180 55 122 183 100 278 281 278 221 186 221 316 318 372 316 167 160 183 167 238 137 179 334 262 238 110 66 43 14 115 110 122 68 240 59 122 318 
172 424 296 418 424 65 175 86 153 175 96 136 67 159 52 96 241 77 77 40 0 153 77 262 145 145 343 145 174 141 173 196 74 174 285 264 326 281 317 285 347 449 347 357 153 48 75 153 164 182 186 138 47 164 119 204 64 131 190 119 313 317 313 255 221 255 350 352 407 350 183 183 146 183 246 149 168 337 281 246 145 77 79 29 135 145 161 78 278 87 161 355 
93 276 144 310 276 108 80 205 36 80 163 272 117 176 177 163 89 78 78 124 153 0 78 110 68 74 206 68 90 67 43 202 117 90 155 150 196 150 208 155 204 297 204 217 50 155 163 50 12 127 45 33 108 12 49 59 94 74 111 49 170 177 170 109 85 109 199 201 260 199 74 45 250 74 152 69 162 247 146 152 159 181 84 126 205 159 142 183 241 66 142 215 
105 354 220 370 354 58 104 129 76 104 121 207 69 163 112 121 167 0 0 59 77 78 0 186 74 99 268 74 106 70 96 171 49 106 225 211 266 220 267 225 280 374 280 292 95 94 111 95 89 150 117 73 41 89 43 127 17 63 124 43 246 252 246 185 156 185 277 279 338 277 109 106 180 109 179 78 133 275 206 179 145 125 43 56 168 145 145 127 261 22 145 290 
145 177 35 267 177 215 129 306 117 129 262 379 222 257 284 262 26 186 186 233 262 110 186 0 143 154 123 143 141 146 99 262 218 141 114 137 140 110 182 114 120 188 120 139 129 263 266 129 98 184 88 131 217 98 149 64 202 157 151 149 91 106 91 51 80 51 99 98 163 99 115 88 344 115 152 142 228 222 85 152 242 286 191 235 299 242 215 287 276 175 215 139 
32 320 173 375 320 130 30 167 34 30 193 280 141 225 186 193 133 74 74 133 145 68 74 143 0 134 201 0 33 4 45 135 81 33 218 216 257 213 274 218 257 325 257 273 115 168 185 115 69 189 110 93 115 69 36 79 82 15 52 36 223 234 223 163 149 163 242 241 306 242 38 56 201 38 105 4 96 202 139 105 207 199 109 129 239 207 197 201 305 82 197 272 
164 290 188 275 290 82 153 220 108 153 111 235 84 106 146 111 129 99 99 106 145 74 99 154 134 0 268 134 162 133 117 261 147 162 143 119 182 138 173 143 210 329 210 217 27 125 120 27 82 55 66 42 100 82 102 126 114 134 183 102 178 179 178 126 87 126 221 224 273 221 147 118 276 147 226 137 222 321 212 226 89 140 68 116 145 89 68 141 171 77 68 214 
181 212 102 362 212 312 172 363 193 172 368 474 322 374 378 368 147 268 268 324 343 206 268 123 201 268 0 201 177 205 173 267 281 177 228 257 240 225 294 228 199 165 199 220 241 358 368 241 195 306 203 236 307 195 225 147 279 216 171 225 186 203 186 172 203 172 157 151 205 157 163 165 384 163 131 197 246 139 62 131 357 385 288 322 409 357 333 387 399 266 333 222 
32 320 173 375 320 130 30 167 34 30 193 280 141 225 186 193 133 74 74 133 145 68 74 143 0 134 201 0 33 4 45 135 81 33 218 216 257 213 274 218 257 325 257 273 115 168 185 115 69 189 110 93 115 69 36 79 82 15 52 36 223 234 223 163 149 163 242 241 306 242 38 56 201 38 105 4 96 202 139 105 207 199 109 129 239 207 197 201 305 82 197 272 
4 317 165 388 317 162 12 187 55 12 225 310 173 256 217 225 135 106 106 165 174 90 106 141 33 162 177 33 0 36 54 124 106 0 229 233 265 224 289 229 258 312 258 276 140 200 217 140 88 216 128 120 147 88 69 80 113 44 21 69 226 239 226 168 162 168 239 238 303 239 26 61 212 26 73 29 87 169 117 73 238 231 142 160 272 238 227 233 331 115 227 275 
36 323 177 376 323 126 34 164 35 34 189 276 137 222 182 189 135 70 70 129 141 67 70 146 4 133 205 4 36 0 48 135 77 36 219 217 258 214 275 219 259 328 259 275 114 164 181 114 70 188 111 91 111 70 33 82 78 12 55 33 225 235 225 164 150 164 245 244 309 245 42 59 198 42 109 8 95 205 143 109 204 195 106 125 236 204 194 197 303 79 194 273 
57 276 130 335 276 141 42 208 20 42 200 301 151 219 205 200 88 96 96 151 173 43 96 99 45 117 173 45 54 48 0 175 120 54 177 179 214 172 235 177 212 283 212 228 93 185 197 93 37 169 75 76 134 37 54 35 109 59 72 54 178 189 178 118 109 118 197 197 261 197 32 11 245 32 109 44 137 204 111 109 201 214 117 150 244 201 185 216 282 93 185 227 
120 436 284 509 436 225 136 151 168 136 282 321 234 333 248 282 259 171 171 213 196 202 171 262 135 261 267 135 124 135 175 0 131 124 352 351 389 347 408 352 381 421 381 400 247 239 265 247 204 316 245 223 200 204 160 203 163 129 112 160 350 362 350 291 283 291 359 357 423 359 150 185 138 150 136 134 40 185 219 136 315 271 213 201 326 315 314 273 430 190 314 399 
103 391 250 418 391 94 109 89 101 109 151 209 104 203 123 151 202 49 49 82 74 117 49 218 81 147 281 81 106 77 120 131 0 106 270 258 311 265 315 270 321 403 321 334 142 112 136 142 126 198 160 120 69 126 69 155 35 66 119 69 287 294 287 225 200 225 313 313 375 313 118 131 134 118 174 84 98 263 219 174 186 144 87 71 197 186 190 146 308 71 190 332 
4 317 165 388 317 162 12 187 55 12 225 310 173 256 217 225 135 106 106 165 174 90 106 141 33 162 177 33 0 36 54 124 106 0 229 233 265 224 289 229 258 312 258 276 140 200 217 140 88 216 128 120 147 88 69 80 113 44 21 69 226 239 226 168 162 168 239 238 303 239 26 61 212 26 73 29 87 169 117 73 238 231 142 160 272 238 227 233 331 115 227 275 
233 156 126 159 156 224 217 353 184 217 246 372 227 212 288 246 102 225 225 248 285 155 225 114 218 143 228 218 229 219 177 352 270 229 0 39 41 5 68 0 75 215 75 77 133 268 259 133 150 134 110 152 239 150 204 153 242 228 245 204 53 43 53 66 70 66 104 110 139 104 204 168 403 204 261 219 314 336 199 261 204 279 207 256 268 204 171 280 183 206 171 73 
236 192 156 161 192 200 221 338 183 221 214 341 202 176 261 214 119 211 211 225 264 150 211 137 216 119 257 216 233 217 179 351 258 233 39 0 69 38 58 39 113 254 113 112 116 241 229 116 147 99 106 138 218 147 198 161 227 224 251 198 91 82 91 87 71 87 142 148 176 142 210 173 390 210 273 218 312 355 221 273 169 249 186 235 234 169 136 250 146 190 136 108 
269 126 142 127 126 264 253 394 223 253 283 410 266 245 327 283 133 266 266 288 326 196 266 140 257 182 240 257 265 258 214 389 311 265 41 69 0 46 60 41 55 198 55 45 174 307 297 174 190 168 151 193 280 190 245 187 283 267 281 245 54 37 54 98 111 98 96 103 110 96 240 205 444 240 291 257 351 360 222 291 238 317 248 297 303 238 205 318 197 247 205 41 
228 158 123 164 158 219 212 348 179 212 242 369 222 209 284 242 97 220 220 243 281 150 220 110 213 138 225 213 224 214 172 347 265 224 5 38 46 0 72 5 78 216 78 80 128 263 255 128 145 131 105 147 234 145 199 148 237 223 240 199 54 46 54 61 65 61 105 111 141 105 199 163 398 199 256 214 309 332 195 256 201 275 202 252 265 201 168 276 183 201 168 77 
292 181 192 103 181 252 277 393 240 277 258 382 252 209 308 258 168 267 267 277 317 208 267 182 274 173 294 274 289 275 235 408 315 289 68 58 60 72 0 68 115 257 115 102 173 289 275 173 205 142 164 196 272 205 256 216 283 282 307 256 110 94 110 133 127 133 156 162 167 156 266 229 446 266 326 275 370 403 266 326 207 294 240 288 270 207 175 295 142 246 175 98 
233 156 126 159 156 224 217 353 184 217 246 372 227 212 288 246 102 225 225 248 285 155 225 114 218 143 228 218 229 219 177 352 270 229 0 39 41 5 68 0 75 215 75 77 133 268 259 133 150 134 110 152 239 150 204 153 242 228 245 204 53 43 53 66 70 66 104 110 139 104 204 168 403 204 261 219 314 336 199 261 204 279 207 256 268 204 171 280 183 206 171 73 
262 81 109 163 81 289 246 408 225 246 318 444 294 287 356 318 124 280 280 312 347 204 280 120 257 210 199 257 258 259 212 381 321 258 75 113 55 78 115 75 0 144 0 21 195 335 330 195 195 209 163 210 300 195 252 179 297 269 270 252 34 33 34 96 126 96 44 51 64 44 232 201 453 232 269 256 345 327 191 269 279 350 269 319 343 279 246 351 251 263 246 24 
316 88 154 278 88 400 303 491 302 303 440 563 407 420 469 440 209 374 374 418 449 297 374 188 325 329 165 325 312 328 283 421 403 312 215 254 198 216 257 215 144 0 144 155 308 448 448 308 286 342 269 316 404 286 336 248 389 340 314 336 163 172 163 203 243 203 112 108 96 112 290 272 524 290 287 322 394 301 203 287 410 468 377 423 472 410 378 469 395 363 378 159 
262 81 109 163 81 289 246 408 225 246 318 444 294 287 356 318 124 280 280 312 347 204 280 120 257 210 199 257 258 259 212 381 321 258 75 113 55 78 115 75 0 144 0 21 195 335 330 195 195 209 163 210 300 195 252 179 297 269 270 252 34 33 34 96 126 96 44 51 64 44 232 201 453 232 269 256 345 327 191 269 279 350 269 319 343 279 246 351 251 263 246 24 
280 81 130 143 81 297 264 421 241 264 322 449 301 288 363 322 141 292 292 321 357 217 292 139 273 217 220 273 276 275 228 400 334 276 77 112 45 80 102 77 21 155 21 0 204 342 335 204 209 210 175 220 310 209 266 197 309 285 289 266 50 40 50 111 136 111 64 71 65 64 250 218 467 250 290 272 363 348 212 290 280 355 279 328 345 280 247 356 242 274 247 4 
143 273 163 276 273 94 130 222 86 130 134 255 99 133 162 134 104 95 95 117 153 50 95 129 115 27 241 115 140 114 93 247 142 140 133 116 174 128 173 133 195 308 195 204 0 141 140 0 56 77 41 24 107 56 87 99 111 118 161 87 162 164 162 106 69 106 201 204 257 201 124 92 274 124 201 117 207 295 185 201 116 160 75 124 171 116 94 161 191 74 94 202 
199 414 298 388 414 48 198 131 166 198 49 117 42 114 22 49 240 94 94 35 48 155 94 263 168 125 358 168 200 164 185 239 112 200 268 241 307 263 289 268 335 448 335 342 141 0 28 141 166 150 179 132 53 166 135 213 89 157 217 135 302 304 302 247 210 247 342 345 397 342 202 193 191 202 273 172 209 367 296 273 102 33 72 41 88 102 122 35 235 92 122 339 
216 410 301 371 410 56 214 159 178 214 22 115 46 88 36 22 242 111 111 55 75 163 111 266 185 120 368 185 217 181 197 265 136 217 259 229 297 255 275 259 330 448 330 335 140 28 0 140 174 134 180 135 71 174 150 221 110 174 235 150 298 297 298 245 207 245 340 343 393 340 217 204 219 217 290 189 234 386 307 290 78 20 80 65 61 78 103 22 211 105 103 332 
143 273 163 276 273 94 130 222 86 130 134 255 99 133 162 134 104 95 95 117 153 50 95 129 115 27 241 115 140 114 93 247 142 140 133 116 174 128 173 133 195 308 195 204 0 141 140 0 56 77 41 24 107 56 87 99 111 118 161 87 162 164 162 106 69 106 201 204 257 201 124 92 274 124 201 117 207 295 185 201 116 160 75 124 171 116 94 161 191 74 94 202 
91 267 133 306 267 119 78 214 36 78 173 283 129 185 188 173 79 89 89 135 164 12 89 98 69 82 195 69 88 70 37 204 126 88 150 147 190 145 205 150 195 286 195 209 56 166 174 56 0 132 41 42 119 0 57 48 105 78 109 57 161 170 161 99 80 99 190 190 251 190 69 37 258 69 146 71 165 240 135 146 168 192 95 137 216 168 149 194 245 77 149 208 
218 289 215 239 289 117 207 263 162 207 117 242 115 79 168 117 159 150 150 142 182 127 150 184 189 55 306 189 216 188 169 316 198 216 134 99 168 131 142 134 209 342 209 210 77 150 134 77 132 0 105 97 141 132 157 172 163 189 237 157 181 176 181 145 106 145 230 234 272 230 200 168 321 200 278 192 277 371 254 278 70 153 113 154 135 70 37 153 116 128 37 206 
131 239 123 265 239 131 117 246 77 117 174 294 138 171 201 174 63 117 117 152 186 45 117 88 110 66 203 110 128 111 75 245 160 128 110 106 151 105 164 110 163 269 163 175 41 179 180 41 41 105 0 48 139 41 94 67 134 119 147 94 129 135 129 70 40 70 164 166 222 164 106 70 294 106 178 112 206 269 149 178 155 200 109 158 211 155 130 201 212 100 130 173 
122 287 166 299 287 84 111 201 66 111 133 248 91 143 153 133 108 73 73 104 138 33 73 131 93 42 236 93 120 91 76 223 120 120 152 138 193 147 196 152 210 316 210 220 24 132 135 24 42 97 48 0 91 42 63 90 90 94 141 63 176 180 176 118 84 118 212 214 270 212 105 78 253 105 184 95 183 280 177 184 126 155 61 110 174 126 109 156 212 54 109 218 
146 377 252 374 377 26 145 122 114 145 84 168 35 135 71 84 196 41 41 18 47 108 41 217 115 100 307 115 147 111 134 200 69 147 239 218 280 234 272 239 300 404 300 310 107 53 71 107 119 141 139 91 0 119 83 164 39 104 165 83 266 270 266 208 174 208 303 305 360 303 150 143 180 150 220 119 165 316 245 220 118 84 32 19 130 118 125 86 244 42 125 308 
91 267 133 306 267 119 78 214 36 78 173 283 129 185 188 173 79 89 89 135 164 12 89 98 69 82 195 69 88 70 37 204 126 88 150 147 190 145 205 150 195 286 195 209 56 166 174 56 0 132 41 42 119 0 57 48 105 78 109 57 161 170 161 99 80 99 190 190 251 190 69 37 258 69 146 71 165 240 135 146 168 192 95 137 216 168 149 194 245 77 149 208 
68 322 183 358 322 95 64 158 34 64 157 250 106 189 154 157 133 43 43 100 119 49 43 149 36 102 225 36 69 33 54 160 69 69 204 198 245 199 256 204 252 336 252 266 87 135 150 87 57 157 94 63 83 57 0 88 55 32 88 0 218 226 218 156 134 156 244 244 306 244 67 65 201 67 141 40 120 238 163 141 171 165 73 98 203 171 162 167 273 46 162 264 
83 241 95 311 241 166 68 243 54 68 221 330 176 231 234 221 56 127 127 180 204 59 127 64 79 126 147 79 80 82 35 203 155 80 153 161 187 148 216 153 179 248 179 197 99 213 221 99 48 172 67 90 164 48 88 0 142 93 94 88 147 160 147 89 90 89 163 162 227 163 54 24 280 54 113 78 166 202 87 113 215 239 142 181 264 215 193 241 279 122 193 196 
111 370 235 386 370 62 112 112 89 112 122 198 72 170 105 122 183 17 17 55 64 94 17 202 82 114 279 82 113 78 109 163 35 113 242 227 283 237 283 242 297 389 297 309 111 89 110 111 105 163 134 90 39 105 55 142 0 69 129 55 263 269 263 202 173 202 293 295 354 293 119 119 163 119 185 86 127 279 217 185 152 121 52 48 169 152 155 123 273 37 155 307 
42 334 188 384 334 121 44 152 44 44 184 266 132 220 173 184 146 63 63 122 131 74 63 157 15 134 216 15 44 12 59 129 66 44 228 224 267 223 282 228 269 340 269 285 118 157 174 118 78 189 119 94 104 78 32 93 69 0 61 32 235 245 235 174 158 174 256 255 320 256 53 70 187 53 116 19 89 212 154 116 202 188 101 117 231 202 194 190 305 74 194 283 
20 324 172 404 324 181 31 194 76 31 244 326 192 277 233 244 148 124 124 183 190 111 124 151 52 183 171 52 21 55 72 112 119 21 245 251 281 240 307 245 270 314 270 289 161 217 235 161 109 237 147 141 165 109 88 94 129 61 0 88 239 252 239 183 180 183 247 245 311 247 42 79 213 42 56 48 80 151 115 56 259 249 161 177 291 259 248 251 352 134 248 288 
68 322 183 358 322 95 64 158 34 64 157 250 106 189 154 157 133 43 43 100 119 49 43 149 36 102 225 36 69 33 54 160 69 69 204 198 245 199 256 204 252 336 252 266 87 135 150 87 57 157 94 63 83 57 0 88 55 32 88 0 218 226 218 156 134 156 244 244 306 244 67 65 201 67 141 40 120 238 163 141 171 165 73 98 203 171 162 167 273 46 162 264 
230 112 89 179 112 256 214 374 192 214 287 413 261 260 324 287 91 246 246 278 313 170 246 91 223 178 186 223 226 225 178 350 287 226 53 91 54 54 110 53 34 163 34 50 162 302 298 162 161 181 129 176 266 161 218 147 263 235 239 218 0 17 0 62 93 62 51 57 95 51 200 168 419 200 243 222 313 307 169 243 250 318 236 285 314 250 217 319 236 229 217 49 
242 113 106 162 113 258 227 381 201 227 286 412 263 255 325 286 104 252 252 281 317 177 252 106 234 179 203 234 239 235 189 362 294 239 43 82 37 46 94 43 33 172 33 40 164 304 297 164 170 176 135 180 270 170 226 160 269 245 252 226 17 0 17 71 96 71 63 70 96 63 213 179 427 213 258 233 325 324 186 258 246 317 239 288 310 246 213 319 224 234 213 38 
230 112 89 179 112 256 214 374 192 214 287 413 261 260 324 287 91 246 246 278 313 170 246 91 223 178 186 223 226 225 178 350 287 226 53 91 54 54 110 53 34 163 34 50 162 302 298 162 161 181 129 176 266 161 218 147 263 235 239 218 0 17 0 62 93 62 51 57 95 51 200 168 419 200 243 222 313 307 169 243 250 318 236 285 314 250 217 319 236 229 217 49 
171 169 73 223 169 200 156 313 130 156 237 360 205 221 268 237 36 185 185 221 255 109 185 51 163 126 172 163 168 164 118 291 225 168 66 87 98 61 133 66 96 203 96 111 106 247 245 106 99 145 70 118 208 99 156 89 202 174 183 156 62 71 62 0 40 0 95 98 153 95 143 108 357 143 195 162 254 271 135 195 208 265 179 227 270 208 178 266 227 170 178 109 
166 204 110 227 204 163 150 285 115 150 198 322 168 181 231 198 56 156 156 186 221 85 156 80 149 87 203 149 162 150 109 283 200 162 70 71 111 65 127 70 126 243 126 136 69 210 207 69 80 106 40 84 174 80 134 90 173 158 180 134 93 96 93 40 0 40 134 137 188 134 139 102 333 139 203 150 244 288 158 203 168 227 143 193 230 168 138 228 197 138 138 134 
171 169 73 223 169 200 156 313 130 156 237 360 205 221 268 237 36 185 185 221 255 109 185 51 163 126 172 163 168 164 118 291 225 168 66 87 98 61 133 66 96 203 96 111 106 247 245 106 99 145 70 118 208 99 156 89 202 174 183 156 62 71 62 0 40 0 95 98 153 95 143 108 357 143 195 162 254 271 135 195 208 265 179 227 270 208 178 266 227 170 178 109 
243 79 77 207 79 295 228 402 214 228 331 455 300 308 363 331 112 277 277 316 350 199 277 99 242 221 157 242 239 245 197 359 313 239 104 142 96 105 156 104 44 112 44 64 201 342 340 201 190 230 164 212 303 190 244 163 293 256 247 244 51 63 51 95 134 95 0 7 64 0 214 186 442 214 239 241 326 289 157 239 298 360 273 322 361 298 266 361 287 263 266 67 
242 80 74 213 80 297 226 402 214 226 335 458 303 313 366 335 112 279 279 318 352 201 279 98 241 224 151 241 238 244 197 357 313 238 110 148 103 111 162 110 51 108 51 71 204 345 343 204 190 234 166 214 305 190 244 162 295 255 245 244 57 70 57 98 137 98 7 0 66 7 212 186 442 212 236 240 324 284 153 236 302 363 275 324 365 302 270 364 293 265 270 74 
307 17 140 183 17 351 292 464 277 292 381 507 356 350 419 381 174 338 338 372 407 260 338 163 306 273 205 306 303 309 261 423 375 303 139 176 110 141 167 139 64 96 64 65 257 397 393 257 251 272 222 270 360 251 306 227 354 320 311 306 95 96 95 153 188 153 64 66 0 64 278 250 506 278 301 305 390 342 216 301 342 413 330 379 406 342 309 414 307 322 309 69 
243 79 77 207 79 295 228 402 214 228 331 455 300 308 363 331 112 277 277 316 350 199 277 99 242 221 157 242 239 245 197 359 313 239 104 142 96 105 156 104 44 112 44 64 201 342 340 201 190 230 164 212 303 190 244 163 293 256 247 244 51 63 51 95 134 95 0 7 64 0 214 186 442 214 239 241 326 289 157 239 298 360 273 322 361 298 266 361 287 263 266 67 
30 292 141 363 292 161 14 204 41 14 222 316 172 247 221 222 109 109 109 167 183 74 109 115 38 147 163 38 26 42 32 150 118 26 204 210 240 199 266 204 232 290 232 250 124 202 217 124 69 200 106 105 150 69 67 54 119 53 42 67 200 213 200 143 139 143 214 212 278 214 0 37 234 0 79 34 113 175 101 79 229 232 138 165 268 229 214 234 314 112 214 249 
65 265 119 327 265 148 49 219 31 49 206 310 158 221 213 206 77 106 106 160 183 45 106 88 56 118 165 56 61 59 11 185 131 61 168 173 205 163 229 168 201 272 201 218 92 193 204 92 37 168 70 78 143 37 65 24 119 70 79 65 168 179 168 108 102 108 186 186 250 186 37 0 256 37 110 55 147 203 103 110 204 221 124 160 249 204 186 223 280 101 186 216 
208 521 374 549 521 205 221 60 229 221 240 223 210 305 187 240 332 180 180 183 146 250 180 344 201 276 384 201 212 198 245 138 134 212 403 390 444 398 446 403 453 524 453 467 274 191 219 274 258 321 294 253 180 258 201 280 163 187 213 201 419 427 419 357 333 357 442 442 506 442 234 256 0 234 258 203 142 322 328 258 291 214 210 169 274 291 304 215 423 200 304 465 
30 292 141 363 292 161 14 204 41 14 222 316 172 247 221 222 109 109 109 167 183 74 109 115 38 147 163 38 26 42 32 150 118 26 204 210 240 199 266 204 232 290 232 250 124 202 217 124 69 200 106 105 150 69 67 54 119 53 42 67 200 213 200 143 139 143 214 212 278 214 0 37 234 0 79 34 113 175 101 79 229 232 138 165 268 229 214 234 314 112 214 249 
74 312 163 418 312 235 77 245 120 77 298 382 246 325 289 298 159 179 179 238 246 152 179 152 105 226 131 105 73 109 109 136 174 73 261 273 291 256 326 261 269 287 269 290 201 273 290 201 146 278 178 184 220 146 141 113 185 116 56 141 243 258 243 195 203 195 239 236 301 239 79 110 258 79 0 101 117 97 86 0 307 304 214 233 344 307 293 306 389 187 293 290 
28 319 171 376 319 134 26 170 35 26 197 284 145 229 190 197 132 78 78 137 149 69 78 142 4 137 197 4 29 8 44 134 84 29 219 218 257 214 275 219 256 322 256 272 117 172 189 117 71 192 112 95 119 71 40 78 86 19 48 40 222 233 222 162 150 162 241 240 305 241 34 55 203 34 101 0 95 198 135 101 211 203 113 133 243 211 200 205 307 86 200 271 
83 404 252 471 404 189 99 138 130 99 248 299 199 296 219 248 222 133 133 179 168 162 133 228 96 222 246 96 87 95 137 40 98 87 314 312 351 309 370 314 345 394 345 363 207 209 234 207 165 277 206 183 165 165 120 166 127 89 80 120 313 325 313 254 244 254 326 324 390 326 113 147 142 113 117 95 0 185 193 117 278 242 176 169 294 278 277 243 391 153 277 362 
170 350 219 486 350 331 174 323 216 174 394 472 342 422 383 394 237 275 275 334 337 247 275 222 202 321 139 202 169 205 204 185 263 169 336 355 360 332 403 336 327 301 327 348 295 367 386 295 240 371 269 280 316 240 238 202 279 212 151 238 307 324 307 271 288 271 289 284 342 289 175 203 322 175 97 198 185 0 138 97 404 400 311 327 441 404 388 402 481 284 388 350 
121 227 82 348 227 251 111 303 131 111 308 412 261 318 316 308 103 206 206 262 281 146 206 85 139 212 62 139 117 143 111 219 219 117 199 221 222 195 266 199 191 203 191 212 185 296 307 185 135 254 149 177 245 135 163 87 217 154 115 163 169 186 169 135 158 135 157 153 216 157 101 103 328 101 86 135 193 138 0 86 301 324 227 260 351 301 279 326 355 204 279 213 
74 312 163 418 312 235 77 245 120 77 298 382 246 325 289 298 159 179 179 238 246 152 179 152 105 226 131 105 73 109 109 136 174 73 261 273 291 256 326 261 269 287 269 290 201 273 290 201 146 278 178 184 220 146 141 113 185 116 56 141 243 258 243 195 203 195 239 236 301 239 79 110 258 79 0 101 117 97 86 0 307 304 214 233 344 307 293 306 389 187 293 290 
239 359 275 298 359 92 231 231 188 231 57 175 84 18 114 57 216 145 145 110 145 159 145 242 207 89 357 207 238 204 201 315 186 238 204 169 238 201 207 204 279 410 279 280 116 102 78 116 168 70 155 126 118 168 171 215 152 202 259 171 250 246 250 208 168 208 298 302 342 298 229 204 291 229 307 211 278 404 301 307 0 93 103 124 65 0 33 93 133 128 33 276 
230 430 321 389 430 73 229 155 195 229 36 95 64 100 27 36 262 125 125 66 77 181 125 286 199 140 385 199 231 195 214 271 144 231 279 249 317 275 294 279 350 468 350 355 160 33 20 160 192 153 200 155 84 192 165 239 121 188 249 165 318 317 318 265 227 265 360 363 413 360 232 221 214 232 304 203 242 400 324 304 93 0 97 74 60 93 120 2 223 121 120 352 
141 347 226 343 347 24 137 153 99 137 84 189 34 121 93 84 169 43 43 43 79 84 43 191 109 68 288 109 142 106 117 213 87 142 207 186 248 202 240 207 269 377 269 279 75 72 80 75 95 113 109 61 32 95 73 142 52 101 161 73 236 239 236 179 143 179 273 275 330 273 138 124 210 138 214 113 176 311 227 214 103 97 0 50 130 103 103 99 221 27 103 276 
159 396 270 390 396 37 159 110 130 159 82 152 41 139 57 82 214 56 56 14 29 126 56 235 129 116 322 129 160 125 150 201 71 160 256 235 297 252 288 256 319 423 319 328 124 41 65 124 137 154 158 110 19 137 98 181 48 117 177 98 285 288 285 227 193 227 322 324 379 322 165 160 169 165 233 133 169 327 260 233 124 74 50 0 126 124 135 76 254 60 135 326 
271 423 333 357 423 110 267 215 228 267 47 116 99 61 87 47 274 168 168 115 135 205 168 299 239 145 409 239 272 236 244 326 197 272 268 234 303 265 270 268 343 472 343 345 171 88 61 171 216 135 211 174 130 216 203 264 169 231 291 203 314 310 314 270 230 270 361 365 406 361 268 249 274 268 344 243 294 441 351 344 65 60 130 126 0 65 98 59 176 157 98 341 
239 359 275 298 359 92 231 231 188 231 57 175 84 18 114 57 216 145 145 110 145 159 145 242 207 89 357 207 238 204 201 315 186 238 204 169 238 201 207 204 279 410 279 280 116 102 78 116 168 70 155 126 118 168 171 215 152 202 259 171 250 246 250 208 168 208 298 302 342 298 229 204 291 229 307 211 278 404 301 307 0 93 103 124 65 0 33 93 133 128 33 276 
228 326 246 269 326 99 219 245 174 219 84 207 94 43 138 84 189 145 145 122 161 142 145 215 197 68 333 197 227 194 185 314 190 227 171 136 205 168 175 171 246 378 246 247 94 122 103 94 149 37 130 109 125 149 162 193 155 194 248 162 217 213 217 178 138 178 266 270 309 266 214 186 304 214 293 200 277 388 279 293 33 120 103 135 98 33 0 121 119 124 0 243 
232 431 322 390 431 75 231 156 197 231 37 94 66 100 28 37 263 127 127 68 78 183 127 287 201 141 387 201 233 197 216 273 146 233 280 250 318 276 295 280 351 469 351 356 161 35 22 161 194 153 201 156 86 194 167 241 123 190 251 167 319 319 319 266 228 266 361 364 414 361 234 223 215 234 306 205 243 402 326 306 93 2 99 76 59 93 121 0 223 123 121 353 
334 323 299 197 323 218 321 363 277 321 189 291 213 123 247 189 253 261 261 240 278 241 261 276 305 171 399 305 331 303 282 430 308 331 183 146 197 183 142 183 251 395 251 242 191 235 211 191 245 116 212 212 244 245 273 279 273 305 352 273 236 224 236 227 197 227 287 293 307 287 314 280 423 314 389 307 391 481 355 389 133 223 221 254 176 133 119 223 0 240 119 238 
114 339 210 349 339 49 110 148 74 110 111 209 60 146 112 111 155 22 22 59 87 66 22 175 82 77 266 82 115 79 93 190 71 115 206 190 247 201 246 206 263 363 263 274 74 92 105 74 77 128 100 54 42 77 46 122 37 74 134 46 229 234 229 170 138 170 263 265 322 263 112 101 200 112 187 86 153 284 204 187 128 121 27 60 157 128 124 123 240 0 124 272 
228 326 246 269 326 99 219 245 174 219 84 207 94 43 138 84 189 145 145 122 161 142 145 215 197 68 333 197 227 194 185 314 190 227 171 136 205 168 175 171 246 378 246 247 94 122 103 94 149 37 130 109 125 149 162 193 155 194 248 162 217 213 217 178 138 178 266 270 309 266 214 186 304 214 293 200 277 388 279 293 33 120 103 135 98 33 0 121 119 124 0 243 
279 85 131 140 85 294 263 419 239 263 319 445 298 284 360 319 140 290 290 318 355 215 290 139 272 214 222 272 275 273 227 399 332 275 73 108 41 77 98 73 24 159 24 4 202 339 332 202 208 206 173 218 308 208 264 196 307 283 288 264 49 38 49 109 134 109 67 74 69 67 249 216 465 249 290 271 362 350 213 290 276 352 276 326 341 276 243 353 238 272 243 0 
Time Windows: 
0 1506
720 728
161 204
471 492
682 720
754 1474
0 49
242 369
558 577
622 720
754 756
883 904
1061 1078
458 491
615 634
692 754
0 720
754 777
777 1007
1066 1144
464 466
619 629
707 754
0 720
754 773
907 919
1187 1219
1420 1474
0 35
71 83
131 152
327 336
467 548
654 720
720 848
887 928
277 368
414 429
501 512
580 720
720 763
907 1004
428 720
0 720
754 893
1034 1166
474 564
704 754
754 754
886 905
1010 1070
1118 1152
1243 1334
733 754
754 775
863 889
1031 1094
1163 1237
1298 1310
1398 1474
720 980
997 1053
350 720
720 756
796 888
208 720
720 723
730 766
832 884
228 720
720 771
808 845
1101 1158
672 720
754 769
870 889
264 281
466 491
629 633
719 754
754 829
922 931
1028 1051
381 527
653 656
721 754
754 756
877 879
1102 1103
1343 1345
749 754
0 720
