N: 99
M: 28
1 1 
6 2 3 4 5 6 7 
6 8 9 10 11 12 13 
4 14 15 16 17 
1 18 
5 19 20 21 22 23 
1 24 
6 25 26 27 28 29 30 
1 31 
1 32 
6 33 34 35 36 37 38 
1 39 
4 40 41 42 43 
5 44 45 46 47 48 
6 49 50 51 52 53 54 
3 55 56 57 
3 58 59 60 
3 61 62 63 
5 64 65 66 67 68 
5 69 70 71 72 73 
4 74 75 76 77 
5 78 79 80 81 82 
3 83 84 85 
1 86 
1 87 
3 88 89 90 
3 91 92 93 
6 94 95 96 97 98 99 
Distance Matrix: 
0 19 42 93 29 37 35 42 107 119 95 110 108 107 74 113 83 74 159 154 191 151 102 154 104 36 34 37 58 62 36 103 104 70 77 96 53 60 70 97 8 8 39 8 108 117 157 123 108 95 127 107 85 74 95 100 84 100 36 69 36 27 55 27 67 30 19 121 67 104 98 117 148 104 19 58 85 19 85 91 39 163 85 127 109 127 0 77 86 127 86 3 86 3 122 149 144 121 175 122 
19 0 31 74 26 42 16 31 90 102 77 94 91 90 55 98 69 55 141 143 179 150 94 143 104 37 38 41 51 57 37 85 90 57 60 90 37 44 57 81 12 12 45 12 96 103 150 119 96 89 119 108 82 78 89 81 65 81 17 55 17 8 43 8 84 22 1 138 84 85 81 100 130 85 23 39 86 23 67 73 28 149 67 112 96 112 18 73 69 109 69 16 98 16 109 144 130 108 162 109 
42 31 0 69 57 32 30 0 99 109 76 103 97 99 55 74 87 55 140 113 149 122 63 113 77 23 30 30 21 28 23 88 106 79 70 117 52 59 79 90 39 39 37 39 66 76 119 89 66 59 88 84 54 59 59 73 59 73 29 73 29 29 65 29 88 12 30 143 88 81 87 108 123 81 28 45 63 28 52 61 3 122 52 125 113 125 42 44 79 110 79 40 91 40 126 170 143 124 177 126 
93 74 69 0 82 101 58 69 42 48 10 46 38 42 19 57 55 19 71 125 147 168 101 125 134 92 98 99 81 88 92 24 64 62 33 103 47 46 62 39 85 85 106 85 81 71 146 133 81 105 116 142 110 126 105 11 10 11 57 52 57 66 60 66 155 76 74 210 155 12 31 49 56 12 90 36 125 90 26 17 70 105 26 71 71 71 92 100 36 41 36 90 160 90 82 144 88 78 121 82 
29 26 57 82 0 64 32 57 86 98 82 89 88 86 64 117 58 64 142 168 202 176 120 168 129 61 61 64 77 83 61 86 78 43 58 67 36 40 43 76 24 24 67 24 120 125 176 145 120 115 145 133 108 101 115 92 76 92 34 45 34 29 30 29 93 48 27 145 93 91 79 95 135 91 45 47 111 45 83 86 54 170 83 102 82 102 29 99 65 110 65 27 115 27 95 121 118 94 148 95 
37 42 32 101 64 0 52 32 127 139 107 131 127 127 85 102 110 85 172 127 166 115 72 127 67 9 4 2 33 33 9 118 130 99 97 131 76 83 99 118 40 41 5 40 86 101 125 89 86 63 98 70 51 37 63 105 91 105 52 96 52 46 84 46 57 26 41 111 57 113 116 137 156 113 20 73 48 20 84 93 32 146 84 151 136 151 37 44 107 141 107 38 60 38 150 185 169 148 202 150 
35 16 30 58 32 52 0 30 76 88 61 80 76 76 39 85 59 39 125 137 170 152 91 137 107 45 48 51 51 58 45 70 79 49 45 88 24 31 49 67 27 27 56 27 88 92 147 119 88 88 115 113 84 86 88 65 49 65 2 44 2 8 35 8 99 27 16 154 99 69 66 86 113 69 35 23 92 35 53 57 28 137 53 100 85 100 34 74 55 93 55 32 111 32 99 140 117 97 150 99 
42 31 0 69 57 32 30 0 99 109 76 103 97 99 55 74 87 55 140 113 149 122 63 113 77 23 30 30 21 28 23 88 106 79 70 117 52 59 79 90 39 39 37 39 66 76 119 89 66 59 88 84 54 59 59 73 59 73 29 73 29 29 65 29 88 12 30 143 88 81 87 108 123 81 28 45 63 28 52 61 3 122 52 125 113 125 42 44 79 110 79 40 91 40 126 170 143 124 177 126 
107 90 99 42 86 127 76 99 0 12 32 4 6 0 46 99 31 46 59 167 187 209 142 167 171 119 124 126 115 123 119 19 27 47 31 75 54 47 47 9 99 99 131 99 123 113 189 173 123 145 158 179 147 158 145 50 49 50 76 41 76 83 56 83 174 101 90 228 174 37 12 10 61 37 111 54 160 111 68 60 98 143 68 29 32 29 107 137 21 30 21 104 187 104 40 107 46 36 80 40 
119 102 109 48 98 139 88 109 12 0 38 10 12 12 55 103 43 55 48 171 188 217 149 171 181 130 135 137 125 132 130 24 33 59 43 83 66 59 59 22 111 111 143 111 129 118 194 181 129 153 164 188 156 168 153 54 56 54 87 53 87 95 68 95 186 112 102 240 186 40 22 4 54 40 123 65 170 123 74 65 109 144 74 26 37 26 119 146 33 23 33 116 198 116 41 110 40 37 73 41 
95 77 76 10 82 107 61 76 32 38 0 36 28 32 22 67 47 22 65 135 156 178 111 135 143 99 104 105 89 96 99 14 54 57 28 95 46 43 57 29 88 88 112 88 91 82 157 143 91 115 126 151 119 133 115 19 18 19 60 47 60 69 57 69 159 81 77 214 159 10 21 39 53 10 95 38 134 95 36 28 76 114 36 61 61 61 95 109 28 34 28 92 167 92 72 135 77 67 111 72 
110 94 103 46 89 131 80 103 4 10 36 0 9 4 50 103 33 50 58 171 190 213 146 171 176 123 128 130 119 127 123 23 25 49 34 74 57 51 49 13 103 102 136 103 127 117 193 177 127 149 162 183 152 162 149 54 53 54 80 44 80 87 58 87 177 105 94 231 177 40 17 6 61 40 115 58 164 115 72 64 102 147 72 25 30 25 110 141 25 30 25 107 191 107 37 104 42 33 76 37 
108 91 97 38 88 127 76 97 6 12 28 9 0 6 44 94 36 44 55 162 182 206 139 162 169 118 123 125 113 121 118 14 32 51 31 80 54 48 51 12 100 100 131 100 119 109 185 170 119 142 154 177 145 156 142 46 45 46 76 44 76 83 58 83 174 100 91 229 174 31 10 11 56 31 111 53 158 111 64 55 97 138 64 33 38 33 108 135 22 25 22 105 186 105 46 112 50 41 84 46 
107 90 99 42 86 127 76 99 0 12 32 4 6 0 46 99 31 46 59 167 187 209 142 167 171 119 124 126 115 123 119 19 27 47 31 75 54 47 47 9 99 99 131 99 123 113 189 173 123 145 158 179 147 158 145 50 49 50 76 41 76 83 56 83 174 101 90 228 174 37 12 10 61 37 111 54 160 111 68 60 98 143 68 29 32 29 107 137 21 30 21 104 187 104 40 107 46 36 80 40 
74 55 55 19 64 85 39 55 46 55 22 50 44 46 0 65 46 0 87 129 155 164 97 129 126 77 83 84 70 77 77 33 60 49 23 91 28 29 49 39 67 66 90 67 82 77 147 128 82 99 116 133 101 113 99 28 12 28 38 39 38 47 44 47 137 59 55 192 137 29 33 55 74 29 73 17 114 73 28 25 55 116 28 74 67 74 74 91 30 55 30 71 145 71 80 137 92 77 126 80 
113 98 74 57 117 102 85 74 99 103 67 103 94 99 65 0 110 65 106 68 91 124 61 68 102 93 101 99 69 73 93 80 121 114 87 156 89 92 114 96 108 108 106 108 33 15 93 90 33 71 66 111 82 109 71 48 54 48 84 104 84 91 106 91 158 85 97 210 158 63 88 104 81 63 101 76 101 101 37 41 76 52 37 127 128 127 113 76 92 88 92 111 150 111 139 201 142 134 175 139 
83 69 87 55 58 110 59 87 31 43 47 33 36 31 46 110 0 46 90 175 200 206 141 175 164 103 107 109 106 114 103 42 20 16 23 48 35 28 16 24 76 76 114 76 128 123 192 171 128 141 161 170 140 144 141 66 56 66 59 15 59 64 28 64 150 85 70 203 150 56 31 39 91 56 92 43 149 92 74 69 85 160 74 44 26 44 83 129 20 61 20 81 168 81 40 91 61 38 92 40 
74 55 55 19 64 85 39 55 46 55 22 50 44 46 0 65 46 0 87 129 155 164 97 129 126 77 83 84 70 77 77 33 60 49 23 91 28 29 49 39 67 66 90 67 82 77 147 128 82 99 116 133 101 113 99 28 12 28 38 39 38 47 44 47 137 59 55 192 137 29 33 55 74 29 73 17 114 73 28 25 55 116 28 74 67 74 74 91 30 55 30 71 145 71 80 137 92 77 126 80 
159 141 140 71 142 172 125 140 59 48 65 58 55 59 87 106 90 87 0 170 177 229 164 170 201 163 169 170 151 158 163 56 81 106 84 130 107 102 106 67 152 152 177 152 138 121 198 194 138 170 172 210 178 196 170 69 81 69 125 99 125 133 113 133 224 146 141 279 224 59 63 52 26 59 160 102 194 160 93 83 140 132 93 64 82 64 159 169 77 32 77 156 231 156 82 148 66 78 87 82 
154 143 113 125 168 127 137 113 167 171 135 171 162 167 129 68 175 129 170 0 41 77 55 0 85 122 128 125 96 94 122 148 188 176 152 218 149 153 176 164 152 152 129 152 49 53 33 57 49 66 31 93 81 112 66 117 120 117 135 166 135 139 166 139 174 124 143 217 174 131 155 173 144 131 136 136 97 136 101 108 116 49 101 195 195 195 153 84 158 155 158 152 152 152 206 266 211 202 243 206 
191 179 149 147 202 166 170 149 187 188 156 190 182 187 155 91 200 155 177 41 0 110 96 41 126 161 167 164 135 133 161 168 211 204 178 247 179 182 204 186 188 188 169 188 83 79 64 97 83 107 72 133 122 153 107 137 145 137 169 194 169 174 196 174 215 161 178 258 215 150 177 191 151 150 175 165 138 175 127 131 152 45 127 214 217 214 191 124 182 170 182 189 193 189 227 291 227 223 258 227 
151 150 122 168 176 115 152 122 209 217 178 213 206 209 164 124 206 164 229 77 110 0 67 77 48 116 118 114 101 94 116 193 223 200 185 239 172 179 200 203 153 153 114 153 91 110 47 36 91 65 59 48 68 82 65 164 161 164 151 193 151 150 187 150 139 128 150 166 139 178 196 217 205 178 133 163 67 133 142 152 124 125 142 238 230 238 151 78 194 207 194 152 106 152 244 292 255 240 289 244 
102 94 63 101 120 72 91 63 142 149 111 146 139 142 97 61 141 97 164 55 96 67 0 55 42 68 73 70 44 40 68 125 157 137 119 178 109 115 137 136 101 101 74 101 29 50 56 31 29 12 26 51 28 59 12 97 94 97 90 129 90 92 125 92 119 73 94 165 119 111 129 150 140 111 84 98 46 84 75 85 66 84 75 171 164 171 101 28 128 140 128 101 100 101 177 230 188 174 222 177 
154 143 113 125 168 127 137 113 167 171 135 171 162 167 129 68 175 129 170 0 41 77 55 0 85 122 128 125 96 94 122 148 188 176 152 218 149 153 176 164 152 152 129 152 49 53 33 57 49 66 31 93 81 112 66 117 120 117 135 166 135 139 166 139 174 124 143 217 174 131 155 173 144 131 136 136 97 136 101 108 116 49 101 195 195 195 153 84 158 155 158 152 152 152 206 266 211 202 243 206 
104 104 77 134 129 67 107 77 171 181 143 176 169 171 126 102 164 126 201 85 126 48 42 85 0 68 70 66 58 50 68 157 182 156 145 194 129 136 156 164 106 106 66 106 70 91 69 30 70 31 55 9 24 34 31 132 125 132 106 150 106 105 142 105 96 82 103 133 96 145 159 180 179 145 85 121 19 85 109 119 79 124 109 199 189 199 103 35 154 175 154 104 68 104 203 247 217 200 251 203 
36 37 23 92 61 9 45 23 119 130 99 123 118 119 77 93 103 77 163 122 161 116 68 122 68 0 7 7 26 28 0 110 123 93 89 127 69 76 93 110 38 38 13 38 79 93 122 87 79 60 94 72 49 42 60 96 82 96 45 89 45 40 78 40 66 18 36 120 66 104 108 129 147 104 17 65 50 17 75 84 23 138 75 144 130 144 36 41 99 132 99 36 68 36 144 180 162 141 195 144 
34 38 30 98 61 4 48 30 124 135 104 128 123 124 83 101 107 83 169 128 167 118 73 128 70 7 0 4 33 34 7 115 127 95 93 127 72 80 95 115 37 37 8 37 86 100 127 91 86 65 99 73 53 41 65 103 89 103 48 92 48 43 80 43 58 23 38 113 58 110 113 134 153 110 16 70 51 16 82 91 29 145 82 148 133 148 33 46 104 138 104 34 63 34 147 181 166 145 199 147 
37 41 30 99 64 2 51 30 126 137 105 130 125 126 84 99 109 84 170 125 164 114 70 125 66 7 4 0 31 31 7 117 129 98 95 131 74 82 98 117 40 40 7 40 84 98 123 87 84 61 96 70 49 37 61 103 89 103 51 95 51 45 83 45 59 25 41 113 59 111 115 135 154 111 19 72 48 19 82 91 30 143 82 150 135 150 37 43 105 139 105 38 61 38 149 184 168 147 201 149 
58 51 21 81 77 33 51 21 115 125 89 119 113 115 70 69 106 70 151 96 135 101 44 96 58 26 33 31 0 8 26 102 125 99 87 138 72 79 99 107 57 57 37 57 53 67 100 69 53 39 70 64 34 45 39 82 71 82 50 93 50 50 85 50 89 29 50 141 89 93 103 124 132 93 40 64 45 40 59 69 23 112 59 142 132 142 57 24 97 122 97 57 83 57 145 191 160 142 194 145 
62 57 28 88 83 33 58 28 123 132 96 127 121 123 77 73 114 77 158 94 133 94 40 94 50 28 34 31 8 0 28 109 132 106 95 145 79 86 106 115 62 62 36 62 53 69 95 62 53 33 66 57 27 38 33 88 78 88 57 100 57 56 93 56 87 35 56 138 87 100 110 132 138 100 44 71 37 44 65 75 30 113 65 150 139 150 62 17 105 129 105 61 78 61 153 198 168 150 202 153 
36 37 23 92 61 9 45 23 119 130 99 123 118 119 77 93 103 77 163 122 161 116 68 122 68 0 7 7 26 28 0 110 123 93 89 127 69 76 93 110 38 38 13 38 79 93 122 87 79 60 94 72 49 42 60 96 82 96 45 89 45 40 78 40 66 18 36 120 66 104 108 129 147 104 17 65 50 17 75 84 23 138 75 144 130 144 36 41 99 132 99 36 68 36 144 180 162 141 195 144 
103 85 88 24 86 118 70 88 19 24 14 23 14 19 33 80 42 33 56 148 168 193 125 148 157 110 115 117 102 109 110 0 44 54 29 89 51 46 54 19 95 95 123 95 105 95 171 157 105 129 140 165 133 146 129 32 32 32 69 46 69 77 58 77 169 92 85 223 169 18 10 25 50 18 104 46 147 104 51 42 88 125 51 47 50 47 103 123 23 24 23 100 178 100 59 125 63 55 97 59 
104 90 106 64 78 130 79 106 27 33 54 25 32 27 60 121 20 60 81 188 211 223 157 188 182 123 127 129 125 132 123 44 0 35 38 50 55 47 35 25 96 96 134 96 142 135 207 188 142 158 176 189 158 164 158 74 67 74 79 35 79 84 48 84 170 105 90 222 170 61 34 29 87 61 112 61 169 112 87 80 105 168 87 25 7 25 103 148 30 56 30 101 188 101 20 81 41 18 72 20 
70 57 79 62 43 99 49 79 47 59 57 49 51 47 49 114 16 49 106 176 204 200 137 176 156 93 95 98 99 106 93 54 35 0 29 43 28 22 0 39 62 62 103 62 127 125 191 166 127 136 159 162 133 134 136 73 60 73 50 10 50 53 15 53 136 75 58 187 136 66 45 55 104 66 80 40 141 80 77 74 77 165 77 59 40 59 69 123 31 75 31 67 155 67 53 93 75 52 106 53 
77 60 70 33 58 97 45 70 31 43 28 34 31 31 23 87 23 23 84 152 178 185 119 152 145 89 93 95 87 95 89 29 38 29 0 70 23 18 29 22 69 69 101 69 105 100 170 150 105 120 138 152 121 128 120 44 33 44 45 19 45 52 30 52 143 71 60 197 143 37 22 41 78 37 81 24 132 81 51 47 69 137 51 55 45 55 76 110 10 52 10 74 156 74 59 114 73 55 107 59 
96 90 117 103 67 131 88 117 75 83 95 74 80 75 91 156 48 91 130 218 247 239 178 218 194 127 127 131 138 145 127 89 50 43 70 0 70 65 43 70 91 91 134 91 170 168 233 206 170 176 201 199 172 168 176 114 102 114 89 53 89 89 54 89 155 111 91 201 155 104 79 79 136 104 111 83 177 111 119 116 115 207 119 69 48 69 96 161 68 105 68 94 181 94 52 54 78 55 97 52 
53 37 52 47 36 76 24 52 54 66 46 57 54 54 28 89 35 28 107 149 179 172 109 149 129 69 72 74 72 79 69 51 55 28 23 70 0 8 28 44 46 45 80 46 100 100 163 138 100 108 131 135 106 109 108 56 41 56 24 21 24 30 17 30 120 50 37 174 120 55 45 63 99 55 59 13 115 59 53 53 50 142 53 76 61 76 53 95 33 75 33 50 134 50 75 121 94 73 127 75 
60 44 59 46 40 83 31 59 47 59 43 51 48 47 29 92 28 29 102 153 182 179 115 153 136 76 80 82 79 86 76 46 47 22 18 65 8 0 22 38 52 52 87 52 105 103 168 145 105 114 137 143 113 117 114 56 41 56 32 14 32 37 15 37 127 58 44 180 127 52 39 57 95 52 66 18 122 66 55 54 58 144 55 69 54 69 60 102 26 70 26 57 142 57 68 115 86 65 119 68 
70 57 79 62 43 99 49 79 47 59 57 49 51 47 49 114 16 49 106 176 204 200 137 176 156 93 95 98 99 106 93 54 35 0 29 43 28 22 0 39 62 62 103 62 127 125 191 166 127 136 159 162 133 134 136 73 60 73 50 10 50 53 15 53 136 75 58 187 136 66 45 55 104 66 80 40 141 80 77 74 77 165 77 59 40 59 69 123 31 75 31 67 155 67 53 93 75 52 106 53 
97 81 90 39 76 118 67 90 9 22 29 13 12 9 39 96 24 39 67 164 186 203 136 164 164 110 115 117 107 115 110 19 25 39 22 70 44 38 39 0 90 89 123 90 119 110 184 167 119 138 153 172 140 149 138 49 44 49 67 32 67 74 46 74 164 92 81 218 164 36 9 19 67 36 102 45 152 102 63 56 90 143 63 35 32 35 97 130 12 37 12 94 178 94 43 106 53 39 87 43 
8 12 39 85 24 40 27 39 99 111 88 103 100 99 67 108 76 67 152 152 188 153 101 152 106 38 37 40 57 62 38 95 96 62 69 91 46 52 62 90 0 0 43 0 105 113 156 124 105 95 126 110 86 78 95 93 77 93 29 62 29 20 48 20 75 28 12 129 75 96 90 109 141 96 21 50 88 21 79 84 36 159 79 119 102 119 8 77 78 119 78 5 93 5 115 144 137 114 168 115 
8 12 39 85 24 41 27 39 99 111 88 102 100 99 66 108 76 66 152 152 188 153 101 152 106 38 37 40 57 62 38 95 96 62 69 91 45 52 62 89 0 0 43 0 105 113 157 124 105 95 127 110 86 78 95 93 76 93 29 61 29 20 48 20 75 28 12 129 75 96 90 109 141 96 21 50 88 21 79 84 36 159 79 119 101 119 8 78 78 119 78 5 93 5 115 144 136 113 168 115 
39 45 37 106 67 5 56 37 131 143 112 136 131 131 90 106 114 90 177 129 169 114 74 129 66 13 8 7 37 36 13 123 134 103 101 134 80 87 103 123 43 43 0 43 89 104 126 89 89 64 99 68 51 35 64 110 96 110 56 100 56 50 88 50 53 31 45 106 53 118 121 141 160 118 23 78 47 23 89 98 36 149 89 156 140 156 39 46 111 145 111 40 55 40 154 187 173 152 206 154 
8 12 39 85 24 40 27 39 99 111 88 103 100 99 67 108 76 67 152 152 188 153 101 152 106 38 37 40 57 62 38 95 96 62 69 91 46 52 62 90 0 0 43 0 105 113 156 124 105 95 126 110 86 78 95 93 77 93 29 62 29 20 48 20 75 28 12 129 75 96 90 109 141 96 21 50 88 21 79 84 36 159 79 119 102 119 8 77 78 119 78 5 93 5 115 144 137 114 168 115 
108 96 66 81 120 86 88 66 123 129 91 127 119 123 82 33 128 82 138 49 83 91 29 49 70 79 86 84 53 53 79 105 142 127 105 170 100 105 127 119 105 105 89 105 0 21 66 57 0 40 35 80 53 83 40 75 75 75 87 118 87 91 117 91 139 78 95 188 139 90 111 130 114 90 92 87 72 92 56 64 69 60 56 152 149 152 107 50 112 117 112 106 125 106 161 219 169 157 202 161 
117 103 76 71 125 101 92 76 113 118 82 117 109 113 77 15 123 77 121 53 79 110 50 53 91 93 100 98 67 69 93 95 135 125 100 168 100 103 125 110 113 113 104 113 21 0 78 76 21 60 51 101 74 102 60 63 68 63 91 115 91 97 117 97 156 88 102 206 156 78 102 119 96 78 103 86 93 103 49 55 78 46 49 142 142 142 117 69 105 103 105 115 144 115 153 214 158 149 190 153 
157 150 119 146 176 125 147 119 189 194 157 193 185 189 147 93 192 147 198 33 64 47 56 33 69 122 127 123 100 95 122 171 207 191 170 233 163 168 191 184 156 157 126 156 66 78 0 39 66 62 32 75 75 101 62 140 141 140 145 182 145 148 179 148 164 129 149 201 164 155 177 196 173 155 138 151 85 138 121 129 122 81 121 218 214 218 157 81 177 181 177 156 137 156 227 283 234 223 267 227 
123 119 89 133 145 89 119 89 173 181 143 177 170 173 128 90 171 128 194 57 97 36 31 57 30 87 91 87 69 62 87 157 188 166 150 206 138 145 166 167 124 124 89 124 57 76 39 0 57 30 29 36 38 62 30 129 125 129 118 159 118 118 153 118 125 97 118 162 125 143 161 181 170 143 104 128 46 104 106 116 92 100 106 202 195 202 123 46 158 171 158 123 98 123 208 258 219 205 253 208 
108 96 66 81 120 86 88 66 123 129 91 127 119 123 82 33 128 82 138 49 83 91 29 49 70 79 86 84 53 53 79 105 142 127 105 170 100 105 127 119 105 105 89 105 0 21 66 57 0 40 35 80 53 83 40 75 75 75 87 118 87 91 117 91 139 78 95 188 139 90 111 130 114 90 92 87 72 92 56 64 69 60 56 152 149 152 107 50 112 117 112 106 125 106 161 219 169 157 202 161 
95 89 59 105 115 63 88 59 145 153 115 149 142 145 99 71 141 99 170 66 107 65 12 66 31 60 65 61 39 33 60 129 158 136 120 176 108 114 136 138 95 95 64 95 40 60 62 30 40 0 36 41 16 47 0 103 97 103 87 129 87 88 123 88 108 68 89 153 108 116 132 153 148 116 76 98 34 76 80 90 62 96 80 173 165 173 94 18 129 146 129 94 88 94 179 228 191 175 225 179 
127 119 88 116 145 98 115 88 158 164 126 162 154 158 116 66 161 116 172 31 72 59 26 31 55 94 99 96 70 66 94 140 176 159 138 201 131 137 159 153 126 127 99 126 35 51 32 29 35 36 0 63 51 81 36 110 110 110 114 150 114 117 147 117 143 99 119 186 143 125 146 165 147 125 110 119 66 110 90 99 91 71 90 187 183 187 127 54 146 152 146 127 121 127 196 251 204 192 237 196 
107 108 84 142 133 70 113 84 179 188 151 183 177 179 133 111 170 133 210 93 133 48 51 93 9 72 73 70 64 57 72 165 189 162 152 199 135 143 162 172 110 110 68 110 80 101 75 36 80 41 63 0 32 34 41 141 133 141 112 157 112 110 148 110 93 87 108 126 93 154 167 188 188 154 89 128 22 89 117 128 85 133 117 207 196 207 106 42 161 183 161 107 62 107 210 252 225 207 259 210 
85 82 54 110 108 51 84 54 147 156 119 152 145 147 101 82 140 101 178 81 122 68 28 81 24 49 53 49 34 27 49 133 158 133 121 172 106 113 133 140 86 86 51 86 53 74 75 38 53 16 51 32 0 31 16 109 101 109 83 127 83 83 119 83 93 61 82 137 93 122 135 156 156 122 66 97 19 66 85 96 57 112 85 175 165 175 85 10 130 151 130 85 73 85 179 225 193 176 227 179 
74 78 59 126 101 37 86 59 158 168 133 162 156 158 113 109 144 113 196 112 153 82 59 112 34 42 41 37 45 38 42 146 164 134 128 168 109 117 134 149 78 78 35 78 83 102 101 62 83 47 81 34 31 0 47 127 116 127 85 130 85 81 120 81 63 59 78 106 63 138 146 167 177 138 57 104 16 57 103 114 60 142 103 184 171 184 74 33 138 167 138 75 42 75 184 222 202 182 235 184 
95 89 59 105 115 63 88 59 145 153 115 149 142 145 99 71 141 99 170 66 107 65 12 66 31 60 65 61 39 33 60 129 158 136 120 176 108 114 136 138 95 95 64 95 40 60 62 30 40 0 36 41 16 47 0 103 97 103 87 129 87 88 123 88 108 68 89 153 108 116 132 153 148 116 76 98 34 76 80 90 62 96 80 173 165 173 94 18 129 146 129 94 88 94 179 228 191 175 225 179 
100 81 73 11 92 105 65 73 50 54 19 54 46 50 28 48 66 28 69 117 137 164 97 117 132 96 103 103 82 88 96 32 74 73 44 114 56 56 73 49 93 93 110 93 75 63 140 129 75 103 110 141 109 127 103 0 16 0 64 63 64 73 71 73 160 80 81 215 160 15 40 56 51 15 96 45 125 96 24 13 74 95 24 79 80 79 100 99 46 43 46 97 163 97 90 154 94 86 127 90 
84 65 59 10 76 91 49 59 49 56 18 53 45 49 12 54 56 12 81 120 145 161 94 120 125 82 89 89 71 78 82 32 67 60 33 102 41 41 60 44 77 76 96 77 75 68 141 125 75 97 110 133 101 116 97 16 0 16 48 50 48 57 56 57 145 66 65 200 145 22 36 56 65 22 80 29 115 80 19 14 60 105 19 78 74 78 84 91 38 51 38 81 150 81 86 147 95 82 129 86 
100 81 73 11 92 105 65 73 50 54 19 54 46 50 28 48 66 28 69 117 137 164 97 117 132 96 103 103 82 88 96 32 74 73 44 114 56 56 73 49 93 93 110 93 75 63 140 129 75 103 110 141 109 127 103 0 16 0 64 63 64 73 71 73 160 80 81 215 160 15 40 56 51 15 96 45 125 96 24 13 74 95 24 79 80 79 100 99 46 43 46 97 163 97 90 154 94 86 127 90 
36 17 29 57 34 52 2 29 76 87 60 80 76 76 38 84 59 38 125 135 169 151 90 135 106 45 48 51 50 57 45 69 79 50 45 89 24 32 50 67 29 29 56 29 87 91 145 118 87 87 114 112 83 85 87 64 48 64 0 45 0 9 36 9 100 26 17 154 100 68 65 86 112 68 36 23 91 36 51 56 27 136 51 100 85 100 36 73 55 93 55 33 111 33 99 141 117 97 150 99 
69 55 73 52 45 96 44 73 41 53 47 44 44 41 39 104 15 39 99 166 194 193 129 166 150 89 92 95 93 100 89 46 35 10 19 53 21 14 10 32 62 61 100 62 118 115 182 159 118 129 150 157 127 130 129 63 50 63 45 0 45 49 15 49 136 71 55 189 136 56 37 50 96 56 78 31 136 78 67 64 71 155 67 58 41 58 69 116 22 68 22 66 153 66 55 101 75 53 107 55 
36 17 29 57 34 52 2 29 76 87 60 80 76 76 38 84 59 38 125 135 169 151 90 135 106 45 48 51 50 57 45 69 79 50 45 89 24 32 50 67 29 29 56 29 87 91 145 118 87 87 114 112 83 85 87 64 48 64 0 45 0 9 36 9 100 26 17 154 100 68 65 86 112 68 36 23 91 36 51 56 27 136 51 100 85 100 36 73 55 93 55 33 111 33 99 141 117 97 150 99 
27 8 29 66 29 46 8 29 83 95 69 87 83 83 47 91 64 47 133 139 174 150 92 139 105 40 43 45 50 56 40 77 84 53 52 89 30 37 53 74 20 20 50 20 91 97 148 118 91 88 117 110 83 81 88 73 57 73 9 49 9 0 38 0 91 23 8 146 91 77 73 93 121 77 29 31 88 29 60 65 26 142 60 106 90 106 27 73 62 101 62 24 104 24 104 142 124 102 156 104 
55 43 65 60 30 84 35 65 56 68 57 58 58 56 44 106 28 44 113 166 196 187 125 166 142 78 80 83 85 93 78 58 48 15 30 54 17 15 15 46 48 48 88 48 117 117 179 153 117 123 147 148 119 120 123 71 56 71 36 15 36 38 0 38 122 61 43 174 122 67 50 65 108 67 65 30 127 65 70 69 63 158 70 72 54 72 55 109 36 81 36 53 141 53 67 105 89 66 120 67 
27 8 29 66 29 46 8 29 83 95 69 87 83 83 47 91 64 47 133 139 174 150 92 139 105 40 43 45 50 56 40 77 84 53 52 89 30 37 53 74 20 20 50 20 91 97 148 118 91 88 117 110 83 81 88 73 57 73 9 49 9 0 38 0 91 23 8 146 91 77 73 93 121 77 29 31 88 29 60 65 26 142 60 106 90 106 27 73 62 101 62 24 104 24 104 142 124 102 156 104 
67 84 88 155 93 57 99 88 174 186 159 177 174 174 137 158 150 137 224 174 215 139 119 174 96 66 58 59 89 87 66 169 170 136 143 155 120 127 136 164 75 75 53 75 139 156 164 125 139 108 143 93 93 63 108 160 145 160 100 136 100 91 122 91 0 80 84 55 0 166 164 184 210 166 65 122 79 65 140 149 87 200 140 194 175 194 67 91 153 192 153 70 37 70 188 206 211 188 241 188 
30 22 12 76 48 26 27 12 101 112 81 105 100 101 59 85 85 59 146 124 161 128 73 124 82 18 23 25 29 35 18 92 105 75 71 111 50 58 75 92 28 28 31 28 78 88 129 97 78 68 99 87 61 59 68 80 66 80 26 71 26 23 61 23 80 0 21 134 80 87 90 111 131 87 16 47 66 16 61 69 9 134 61 126 112 126 30 51 81 115 81 29 86 29 125 165 144 123 177 125 
19 1 30 74 27 41 16 30 90 102 77 94 91 90 55 97 70 55 141 143 178 150 94 143 103 36 38 41 50 56 36 85 90 58 60 91 37 44 58 81 12 12 45 12 95 102 149 118 95 89 119 108 82 78 89 81 65 81 17 55 17 8 43 8 84 21 0 138 84 85 81 100 129 85 22 39 86 22 67 72 28 148 67 112 96 112 19 72 69 109 69 16 98 16 110 145 130 108 162 110 
121 138 143 210 145 111 154 143 228 240 214 231 229 228 192 210 203 192 279 217 258 166 165 217 133 120 113 113 141 138 120 223 222 187 197 201 174 180 187 218 129 129 106 129 188 206 201 162 188 153 186 126 137 106 153 215 200 215 154 189 154 146 174 146 55 134 138 0 55 221 219 237 265 221 120 177 120 120 195 203 142 248 195 246 227 246 121 139 207 247 207 124 65 124 239 248 263 239 292 239 
67 84 88 155 93 57 99 88 174 186 159 177 174 174 137 158 150 137 224 174 215 139 119 174 96 66 58 59 89 87 66 169 170 136 143 155 120 127 136 164 75 75 53 75 139 156 164 125 139 108 143 93 93 63 108 160 145 160 100 136 100 91 122 91 0 80 84 55 0 166 164 184 210 166 65 122 79 65 140 149 87 200 140 194 175 194 67 91 153 192 153 70 37 70 188 206 211 188 241 188 
104 85 81 12 91 113 69 81 37 40 10 40 31 37 29 63 56 29 59 131 150 178 111 131 145 104 110 111 93 100 104 18 61 66 37 104 55 52 66 36 96 96 118 96 90 78 155 143 90 116 125 154 122 138 116 15 22 15 68 56 68 77 67 77 166 87 85 221 166 0 27 42 45 0 102 46 137 102 37 27 82 107 37 65 67 65 103 112 37 30 37 100 172 100 77 142 80 72 113 77 
98 81 87 31 79 116 66 87 12 22 21 17 10 12 33 88 31 33 63 155 177 196 129 155 159 108 113 115 103 110 108 10 34 45 22 79 45 39 45 9 90 90 121 90 111 102 177 161 111 132 146 167 135 146 132 40 36 40 65 37 65 73 50 73 164 90 81 219 164 27 0 21 60 27 101 43 148 101 56 48 86 134 56 42 41 42 98 125 14 31 14 95 176 95 51 115 59 47 93 51 
117 100 108 49 95 137 86 108 10 4 39 6 11 10 55 104 39 55 52 173 191 217 150 173 180 129 134 135 124 132 129 25 29 55 41 79 63 57 55 19 109 109 141 109 130 119 196 181 130 153 165 188 156 167 153 56 56 56 86 50 86 93 65 93 184 111 100 237 184 42 21 0 58 42 121 64 169 121 75 66 108 147 75 23 33 23 117 146 31 27 31 114 197 114 38 106 39 33 72 38 
148 130 123 56 135 156 113 123 61 54 53 61 56 61 74 81 91 74 26 144 151 205 140 144 179 147 153 154 132 138 147 50 87 104 78 136 99 95 104 67 141 141 160 141 114 96 173 170 114 148 147 188 156 177 148 51 65 51 112 96 112 121 108 121 210 131 129 265 210 45 60 58 0 45 146 91 173 146 73 63 124 106 73 76 90 76 148 148 74 31 74 145 214 145 94 162 84 89 109 94 
104 85 81 12 91 113 69 81 37 40 10 40 31 37 29 63 56 29 59 131 150 178 111 131 145 104 110 111 93 100 104 18 61 66 37 104 55 52 66 36 96 96 118 96 90 78 155 143 90 116 125 154 122 138 116 15 22 15 68 56 68 77 67 77 166 87 85 221 166 0 27 42 45 0 102 46 137 102 37 27 82 107 37 65 67 65 103 112 37 30 37 100 172 100 77 142 80 72 113 77 
19 23 28 90 45 20 35 28 111 123 95 115 111 111 73 101 92 73 160 136 175 133 84 136 85 17 16 19 40 44 17 104 112 80 81 111 59 66 80 102 21 21 23 21 92 103 138 104 92 76 110 89 66 57 76 96 80 96 36 78 36 29 65 29 65 16 22 120 65 102 101 121 146 102 0 58 67 0 77 85 25 149 77 134 118 134 18 58 91 128 91 19 76 19 132 165 152 130 184 132 
58 39 45 36 47 73 23 45 54 65 38 58 53 54 17 76 43 17 102 136 165 163 98 136 121 65 70 72 64 71 65 46 61 40 24 83 13 18 40 45 50 50 78 50 87 86 151 128 87 98 119 128 97 104 98 45 29 45 23 31 23 31 30 31 122 47 39 177 122 46 43 64 91 46 58 0 108 58 39 40 44 128 39 80 68 80 57 87 34 70 34 54 133 54 82 132 98 79 131 82 
85 86 63 125 111 48 92 63 160 170 134 164 158 160 114 101 149 114 194 97 138 67 46 97 19 50 51 48 45 37 50 147 169 141 132 177 115 122 141 152 88 88 47 88 72 93 85 46 72 34 66 22 19 16 34 125 115 125 91 136 91 88 127 88 79 66 86 120 79 137 148 169 173 137 67 108 0 67 101 112 64 130 101 187 175 187 85 26 142 166 142 86 55 86 189 230 205 187 239 189 
19 23 28 90 45 20 35 28 111 123 95 115 111 111 73 101 92 73 160 136 175 133 84 136 85 17 16 19 40 44 17 104 112 80 81 111 59 66 80 102 21 21 23 21 92 103 138 104 92 76 110 89 66 57 76 96 80 96 36 78 36 29 65 29 65 16 22 120 65 102 101 121 146 102 0 58 67 0 77 85 25 149 77 134 118 134 18 58 91 128 91 19 76 19 132 165 152 130 184 132 
85 67 52 26 83 84 53 52 68 74 36 72 64 68 28 37 74 28 93 101 127 142 75 101 109 75 82 82 59 65 75 51 87 77 51 119 53 55 77 63 79 79 89 79 56 49 121 106 56 80 90 117 85 103 80 24 19 24 51 67 51 60 70 60 140 61 67 195 140 37 56 75 73 37 77 39 101 77 0 10 53 89 0 97 94 97 85 76 57 66 57 82 141 82 106 165 114 102 147 106 
91 73 61 17 86 93 57 61 60 65 28 64 55 60 25 41 69 25 83 108 131 152 85 108 119 84 91 91 69 75 84 42 80 74 47 116 53 54 74 56 84 84 98 84 64 55 129 116 64 90 99 128 96 114 90 13 14 13 56 64 56 65 69 65 149 69 72 203 149 27 48 66 63 27 85 40 112 85 10 0 62 91 10 89 87 89 91 86 51 56 51 88 150 88 99 160 105 94 139 99 
39 28 3 70 54 32 28 3 98 109 76 102 97 98 55 76 85 55 140 116 152 124 66 116 79 23 29 30 23 30 23 88 105 77 69 115 50 58 77 90 36 36 36 36 69 78 122 92 69 62 91 85 57 60 62 74 60 74 27 71 27 26 63 26 87 9 28 142 87 82 86 108 124 82 25 44 64 25 53 62 0 125 53 124 111 124 39 47 79 110 79 37 91 37 125 168 142 123 176 125 
163 149 122 105 170 146 137 122 143 144 114 147 138 143 116 52 160 116 132 49 45 125 84 49 124 138 145 143 112 113 138 125 168 165 137 207 142 144 165 143 159 159 149 159 60 46 81 100 60 96 71 133 112 142 96 95 105 95 136 155 136 142 158 142 200 134 148 248 200 107 134 147 106 107 149 128 130 149 89 91 125 0 89 170 174 170 163 109 141 125 141 161 184 161 184 249 183 179 213 184 
85 67 52 26 83 84 53 52 68 74 36 72 64 68 28 37 74 28 93 101 127 142 75 101 109 75 82 82 59 65 75 51 87 77 51 119 53 55 77 63 79 79 89 79 56 49 121 106 56 80 90 117 85 103 80 24 19 24 51 67 51 60 70 60 140 61 67 195 140 37 56 75 73 37 77 39 101 77 0 10 53 89 0 97 94 97 85 76 57 66 57 82 141 82 106 165 114 102 147 106 
127 112 125 71 102 151 100 125 29 26 61 25 33 29 74 127 44 74 64 195 214 238 171 195 199 144 148 150 142 150 144 47 25 59 55 69 76 69 59 35 119 119 156 119 152 142 218 202 152 173 187 207 175 184 173 79 78 79 100 58 100 106 72 106 194 126 112 246 194 65 42 23 76 65 134 80 187 134 97 89 124 170 97 0 22 0 127 165 46 47 46 124 210 124 19 86 18 15 52 19 
109 96 113 71 82 136 85 113 32 37 61 30 38 32 67 128 26 67 82 195 217 230 164 195 189 130 133 135 132 139 130 50 7 40 45 48 61 54 40 32 102 101 140 102 149 142 214 195 149 165 183 196 165 171 165 80 74 80 85 41 85 90 54 90 175 112 96 227 175 67 41 33 90 67 118 68 175 118 94 87 111 174 94 22 0 22 109 155 37 59 37 106 194 106 14 75 36 12 66 14 
127 112 125 71 102 151 100 125 29 26 61 25 33 29 74 127 44 74 64 195 214 238 171 195 199 144 148 150 142 150 144 47 25 59 55 69 76 69 59 35 119 119 156 119 152 142 218 202 152 173 187 207 175 184 173 79 78 79 100 58 100 106 72 106 194 126 112 246 194 65 42 23 76 65 134 80 187 134 97 89 124 170 97 0 22 0 127 165 46 47 46 124 210 124 19 86 18 15 52 19 
0 18 42 92 29 37 34 42 107 119 95 110 108 107 74 113 83 74 159 153 191 151 101 153 103 36 33 37 57 62 36 103 103 69 76 96 53 60 69 97 8 8 39 8 107 117 157 123 107 94 127 106 85 74 94 100 84 100 36 69 36 27 55 27 67 30 19 121 67 103 98 117 148 103 18 57 85 18 85 91 39 163 85 127 109 127 0 77 86 127 86 3 86 3 122 149 144 121 175 122 
77 73 44 100 99 44 74 44 137 146 109 141 135 137 91 76 129 91 169 84 124 78 28 84 35 41 46 43 24 17 41 123 148 123 110 161 95 102 123 130 77 78 46 77 50 69 81 46 50 18 54 42 10 33 18 99 91 99 73 116 73 73 109 73 91 51 72 139 91 112 125 146 148 112 58 87 26 58 76 86 47 109 76 165 155 165 77 0 120 141 120 77 76 77 168 214 183 166 217 168 
86 69 79 36 65 107 55 79 21 33 28 25 22 21 30 92 20 30 77 158 182 194 128 158 154 99 104 105 97 105 99 23 30 31 10 68 33 26 31 12 78 78 111 78 112 105 177 158 112 129 146 161 130 138 129 46 38 46 55 22 55 62 36 62 153 81 69 207 153 37 14 31 74 37 91 34 142 91 57 51 79 141 57 46 37 46 86 120 0 45 0 83 166 83 50 109 64 46 97 50 
127 109 110 41 110 141 93 110 30 23 34 30 25 30 55 88 61 55 32 155 170 207 140 155 175 132 138 139 122 129 132 24 56 75 52 105 75 70 75 37 119 119 145 119 117 103 181 171 117 146 152 183 151 167 146 43 51 43 93 68 93 101 81 101 192 115 109 247 192 30 31 27 31 30 128 70 166 128 66 56 110 125 66 47 59 47 127 141 45 0 45 124 200 124 64 132 58 60 88 64 
86 69 79 36 65 107 55 79 21 33 28 25 22 21 30 92 20 30 77 158 182 194 128 158 154 99 104 105 97 105 99 23 30 31 10 68 33 26 31 12 78 78 111 78 112 105 177 158 112 129 146 161 130 138 129 46 38 46 55 22 55 62 36 62 153 81 69 207 153 37 14 31 74 37 91 34 142 91 57 51 79 141 57 46 37 46 86 120 0 45 0 83 166 83 50 109 64 46 97 50 
3 16 40 90 27 38 32 40 104 116 92 107 105 104 71 111 81 71 156 152 189 152 101 152 104 36 34 38 57 61 36 100 101 67 74 94 50 57 67 94 5 5 40 5 106 115 156 123 106 94 127 107 85 75 94 97 81 97 33 66 33 24 53 24 70 29 16 124 70 100 95 114 145 100 19 54 86 19 82 88 37 161 82 124 106 124 3 77 83 124 83 0 89 0 120 148 141 118 172 120 
86 98 91 160 115 60 111 91 187 198 167 191 186 187 145 150 168 145 231 152 193 106 100 152 68 68 63 61 83 78 68 178 188 155 156 181 134 142 155 178 93 93 55 93 125 144 137 98 125 88 121 62 73 42 88 163 150 163 111 153 111 104 141 104 37 86 98 65 37 172 176 197 214 172 76 133 55 76 141 150 91 184 141 210 194 210 86 76 166 200 166 89 0 89 208 234 228 206 260 208 
3 16 40 90 27 38 32 40 104 116 92 107 105 104 71 111 81 71 156 152 189 152 101 152 104 36 34 38 57 61 36 100 101 67 74 94 50 57 67 94 5 5 40 5 106 115 156 123 106 94 127 107 85 75 94 97 81 97 33 66 33 24 53 24 70 29 16 124 70 100 95 114 145 100 19 54 86 19 82 88 37 161 82 124 106 124 3 77 83 124 83 0 89 0 120 148 141 118 172 120 
122 109 126 82 95 150 99 126 40 41 72 37 46 40 80 139 40 80 82 206 227 244 177 206 203 144 147 149 145 153 144 59 20 53 59 52 75 68 53 43 115 115 154 115 161 153 227 208 161 179 196 210 179 184 179 90 86 90 99 55 99 104 67 104 188 125 110 239 188 77 51 38 94 77 132 82 189 132 106 99 125 184 106 19 14 19 122 168 50 64 50 120 208 120 0 68 26 5 53 0 
149 144 170 144 121 185 140 170 107 110 135 104 112 107 137 201 91 137 148 266 291 292 230 266 247 180 181 184 191 198 180 125 81 93 114 54 121 115 93 106 144 144 187 144 219 214 283 258 219 228 251 252 225 222 228 154 147 154 141 101 141 142 105 142 206 165 145 248 206 142 115 106 162 142 165 132 230 165 165 160 168 249 165 86 75 86 149 214 109 132 109 148 234 148 68 0 83 73 82 68 
144 130 143 88 118 169 117 143 46 40 77 42 50 46 92 142 61 92 66 211 227 255 188 211 217 162 166 168 160 168 162 63 41 75 73 78 94 86 75 53 137 136 173 137 169 158 234 219 169 191 204 225 193 202 191 94 95 94 117 75 117 124 89 124 211 144 130 263 211 80 59 39 84 80 152 98 205 152 114 105 142 183 114 18 36 18 144 183 64 58 64 141 228 141 26 83 0 25 34 26 
121 108 124 78 94 148 97 124 36 37 67 33 41 36 77 134 38 77 78 202 223 240 174 202 200 141 145 147 142 150 141 55 18 52 55 55 73 65 52 39 114 113 152 114 157 149 223 205 157 175 192 207 176 182 175 86 82 86 97 53 97 102 66 102 188 123 108 239 188 72 47 33 89 72 130 79 187 130 102 94 123 179 102 15 12 15 121 166 46 60 46 118 206 118 5 73 25 0 54 5 
175 162 177 121 148 202 150 177 80 73 111 76 84 80 126 175 92 126 87 243 258 289 222 243 251 195 199 201 194 202 195 97 72 106 107 97 127 119 106 87 168 168 206 168 202 190 267 253 202 225 237 259 227 235 225 127 129 127 150 107 150 156 120 156 241 177 162 292 241 113 93 72 109 113 184 131 239 184 147 139 176 213 147 52 66 52 175 217 97 88 97 172 260 172 53 82 34 54 0 53 
122 109 126 82 95 150 99 126 40 41 72 37 46 40 80 139 40 80 82 206 227 244 177 206 203 144 147 149 145 153 144 59 20 53 59 52 75 68 53 43 115 115 154 115 161 153 227 208 161 179 196 210 179 184 179 90 86 90 99 55 99 104 67 104 188 125 110 239 188 77 51 38 94 77 132 82 189 132 106 99 125 184 106 19 14 19 122 168 50 64 50 120 208 120 0 68 26 5 53 0 
Traveling Time Matrix: 
0 37 84 185 58 73 69 84 213 237 190 220 214 213 148 226 167 148 319 307 382 302 203 307 206 71 67 74 115 124 71 206 207 139 152 192 106 119 139 194 16 16 77 16 215 234 313 245 215 189 254 213 170 147 189 200 167 200 71 138 71 53 111 53 134 60 38 241 134 207 195 233 296 207 37 115 170 37 170 182 78 326 170 253 218 253 1 153 171 254 171 6 173 6 244 299 288 242 350 244 
37 0 62 148 52 83 32 62 180 204 153 187 181 180 111 195 139 111 282 286 357 300 188 286 207 73 76 82 101 113 73 170 179 115 119 181 73 87 115 161 23 23 90 23 191 205 300 237 191 178 238 216 164 156 178 163 130 163 34 110 34 16 85 16 167 43 1 276 167 170 161 200 259 170 46 78 173 46 134 145 56 297 134 224 191 224 37 145 138 218 138 31 196 31 218 288 259 215 323 218 
84 62 0 138 114 65 60 0 197 219 152 206 195 197 109 147 173 109 280 225 298 243 127 225 155 47 60 61 42 55 47 175 212 158 139 234 104 118 158 181 78 78 74 78 132 151 238 178 132 118 177 167 108 118 118 145 118 145 58 146 58 58 130 58 176 24 61 285 176 162 174 216 246 162 56 91 126 56 104 121 6 243 104 250 225 250 83 88 159 219 159 80 181 80 252 339 286 247 353 252 
185 148 138 0 164 202 116 138 85 97 21 93 76 85 38 114 110 38 142 249 293 336 202 249 268 184 197 198 162 176 184 49 128 124 67 206 93 91 124 78 170 170 211 170 162 143 293 265 162 211 231 284 220 251 211 22 20 22 114 104 114 132 120 132 309 151 148 419 309 24 61 98 111 24 180 73 250 180 52 34 139 210 52 143 141 143 185 200 72 83 72 179 319 179 163 289 175 155 243 163 
58 52 114 164 0 128 65 114 171 196 164 177 175 171 127 235 116 127 284 336 404 352 240 336 257 122 121 128 153 165 122 172 155 86 115 134 73 80 86 152 47 47 133 47 239 249 352 289 239 230 290 266 216 202 230 183 151 183 68 90 68 57 61 57 187 95 53 288 187 183 158 190 270 183 89 93 222 89 166 172 108 339 166 203 164 203 58 197 131 219 131 54 231 54 190 241 236 188 296 190 
73 83 65 202 128 0 104 65 254 277 214 262 253 254 171 203 220 171 344 253 333 230 144 253 134 18 7 5 67 67 18 237 260 197 194 262 151 166 197 237 81 81 9 81 172 201 250 177 172 126 196 140 102 74 126 210 182 210 104 191 104 92 168 92 114 53 82 221 114 226 232 274 311 226 39 147 97 39 168 186 63 291 168 303 272 303 73 89 214 282 214 75 119 75 300 369 338 296 404 300 
69 32 60 116 65 104 0 60 152 175 121 160 152 152 79 171 117 79 251 273 340 303 183 273 214 90 97 101 101 115 90 139 157 99 91 175 48 63 99 134 55 55 112 55 176 185 293 237 176 177 230 226 168 171 177 131 98 131 3 89 3 16 70 16 197 53 32 307 197 138 132 172 227 138 71 47 183 71 105 115 55 274 105 199 170 199 69 148 111 186 111 63 222 63 197 280 235 193 301 197 
84 62 0 138 114 65 60 0 197 219 152 206 195 197 109 147 173 109 280 225 298 243 127 225 155 47 60 61 42 55 47 175 212 158 139 234 104 118 158 181 78 78 74 78 132 151 238 178 132 118 177 167 108 118 118 145 118 145 58 146 58 58 130 58 176 24 61 285 176 162 174 216 246 162 56 91 126 56 104 121 6 243 104 250 225 250 83 88 159 219 159 80 181 80 252 339 286 247 353 252 
213 180 197 85 171 254 152 197 0 25 64 9 11 0 91 197 63 91 118 333 373 418 284 333 342 238 248 251 230 245 238 38 53 94 61 149 107 94 94 19 197 197 263 197 246 227 377 346 246 289 315 357 294 315 289 101 97 101 151 82 151 166 111 166 347 202 180 453 347 73 25 20 121 73 222 108 320 222 135 119 196 287 135 59 64 59 212 273 42 60 42 207 373 207 81 214 93 72 161 81 
237 204 219 97 196 277 175 219 25 0 76 20 24 25 111 205 86 111 96 341 377 433 299 341 361 260 270 273 250 265 260 48 67 118 85 166 131 118 118 44 221 221 285 221 258 235 389 361 258 306 328 376 313 336 306 109 112 109 175 106 175 190 136 190 371 224 204 477 371 80 45 8 107 80 246 130 339 246 149 131 218 289 149 51 73 51 236 292 66 46 66 231 395 231 83 219 80 74 146 83 
190 153 152 21 164 214 121 152 64 76 0 72 55 64 44 134 94 44 130 270 312 357 223 270 286 197 209 211 178 192 197 28 109 113 56 190 91 86 113 59 174 174 223 174 183 163 314 285 183 230 252 302 238 267 230 38 37 38 120 94 120 137 114 137 318 162 153 428 318 19 41 78 107 19 189 75 267 189 73 55 152 227 73 122 122 122 189 218 55 68 55 184 332 184 143 271 155 135 222 143 
220 187 206 93 177 262 160 206 9 20 72 0 17 9 100 205 66 100 115 341 380 426 292 341 351 246 256 259 238 253 246 45 50 98 69 148 114 101 98 26 204 204 271 204 255 235 386 355 255 298 324 366 303 323 298 108 106 108 159 87 159 173 117 173 354 210 187 460 354 80 34 13 123 80 230 116 328 230 144 127 204 293 144 50 59 50 219 282 49 61 49 214 381 214 74 208 84 65 152 74 
214 181 195 76 175 253 152 195 11 24 55 17 0 11 87 188 71 87 111 324 363 411 277 324 338 237 247 250 226 241 237 28 64 101 62 160 108 97 101 24 198 198 262 198 238 218 369 340 238 283 307 353 290 312 283 91 90 91 151 88 151 167 116 167 348 200 181 454 348 63 21 23 111 63 222 107 316 222 128 110 194 276 128 67 75 67 213 269 45 50 45 208 372 208 91 225 100 82 167 91 
213 180 197 85 171 254 152 197 0 25 64 9 11 0 91 197 63 91 118 333 373 418 284 333 342 238 248 251 230 245 238 38 53 94 61 149 107 94 94 19 197 197 263 197 246 227 377 346 246 289 315 357 294 315 289 101 97 101 151 82 151 166 111 166 347 202 180 453 347 73 25 20 121 73 222 108 320 222 135 119 196 287 135 59 64 59 212 273 42 60 42 207 373 207 81 214 93 72 161 81 
148 111 109 38 127 171 79 109 91 111 44 100 87 91 0 129 92 0 174 257 310 328 195 257 251 154 165 167 139 154 154 66 121 98 46 183 57 58 98 78 133 133 180 133 164 154 294 257 164 198 231 266 203 226 198 56 24 56 77 78 77 95 87 95 274 118 111 384 274 59 67 110 148 59 145 35 229 145 56 51 109 231 56 148 135 148 148 182 61 111 61 142 290 142 160 274 184 153 252 160 
226 195 147 114 235 203 171 147 197 205 134 205 188 197 129 0 220 129 212 137 181 248 123 137 204 186 201 198 139 145 186 160 242 227 174 312 179 185 227 192 217 217 211 217 66 31 187 179 66 141 132 223 164 217 141 97 109 97 168 207 168 182 213 182 316 170 194 420 316 126 175 209 162 126 203 152 202 203 74 82 152 105 74 255 255 255 226 152 184 175 184 222 300 222 277 401 285 269 350 277 
167 139 173 110 116 220 117 173 63 86 94 66 71 63 92 220 0 92 181 349 401 411 281 349 327 206 213 217 212 227 206 83 41 33 46 96 70 55 33 48 151 151 228 151 255 245 384 341 255 281 321 340 279 288 281 131 111 131 118 29 118 128 57 128 301 170 139 404 301 112 63 78 181 112 184 86 299 184 148 139 170 319 148 87 53 87 166 258 39 121 39 161 334 161 80 182 121 76 184 80 
148 111 109 38 127 171 79 109 91 111 44 100 87 91 0 129 92 0 174 257 310 328 195 257 251 154 165 167 139 154 154 66 121 98 46 183 57 58 98 78 133 133 180 133 164 154 294 257 164 198 231 266 203 226 198 56 24 56 77 78 77 95 87 95 274 118 111 384 274 59 67 110 148 59 145 35 229 145 56 51 109 231 56 148 135 148 148 182 61 111 61 142 290 142 160 274 184 153 252 160 
319 282 280 142 284 344 251 280 118 96 130 115 111 118 174 212 181 174 0 339 353 458 327 339 402 326 338 340 302 316 326 113 161 212 169 259 214 204 212 135 303 303 353 303 276 242 396 388 276 341 343 419 355 392 341 139 162 139 249 198 249 266 226 266 448 292 282 558 448 118 126 104 52 118 319 204 387 319 186 165 281 264 186 127 165 127 318 337 154 65 154 313 461 313 164 297 132 156 173 164 
307 286 225 249 336 253 273 225 333 341 270 341 324 333 257 137 349 257 339 0 82 155 110 0 171 244 255 249 192 188 244 296 376 350 303 435 297 306 350 327 302 302 257 302 97 107 65 115 97 132 63 186 163 224 132 233 241 233 270 332 270 279 331 279 348 248 285 434 348 262 310 345 287 262 272 271 194 272 202 215 231 97 202 391 389 391 306 167 316 310 316 305 304 305 412 531 421 404 486 412 
382 357 298 293 404 333 340 298 373 377 312 380 363 373 310 181 401 310 353 82 0 220 192 82 252 322 334 329 270 266 322 335 421 407 355 493 357 364 407 371 376 376 337 376 167 158 127 194 167 214 145 267 245 306 214 274 290 274 337 388 337 348 391 348 429 322 356 515 429 300 353 382 302 300 349 330 276 349 255 262 304 90 255 428 434 428 381 248 364 339 364 378 385 378 453 582 455 445 515 453 
302 300 243 336 352 230 303 243 418 433 357 426 411 418 328 248 411 328 458 155 220 0 134 155 96 232 236 229 202 188 232 385 447 400 370 477 344 358 400 406 307 307 228 307 182 219 94 72 182 130 118 95 136 163 130 329 321 329 301 386 301 300 373 300 278 257 299 333 278 357 393 434 409 357 266 325 135 266 284 304 248 250 284 476 460 476 302 155 388 414 388 303 212 303 487 582 510 480 578 487 
203 188 127 202 240 144 183 127 284 299 223 292 277 284 195 123 281 195 327 110 192 134 0 110 83 135 146 140 88 80 135 251 315 273 238 356 217 230 273 272 201 201 147 201 58 100 112 63 58 24 52 102 55 117 24 195 187 195 180 258 180 184 249 184 238 146 187 330 238 223 259 300 281 223 167 195 92 167 150 170 132 168 150 342 329 342 202 57 255 281 255 202 201 202 355 458 376 348 444 355 
307 286 225 249 336 253 273 225 333 341 270 341 324 333 257 137 349 257 339 0 82 155 110 0 171 244 255 249 192 188 244 296 376 350 303 435 297 306 350 327 302 302 257 302 97 107 65 115 97 132 63 186 163 224 132 233 241 233 270 332 270 279 331 279 348 248 285 434 348 262 310 345 287 262 272 271 194 272 202 215 231 97 202 391 389 391 306 167 316 310 316 305 304 305 412 531 421 404 486 412 
206 207 155 268 257 134 214 155 342 361 286 351 338 342 251 204 327 251 402 171 252 96 83 171 0 136 140 133 115 100 136 313 364 312 289 386 258 273 312 328 211 211 132 211 141 183 138 60 141 63 110 19 48 69 63 265 250 265 213 300 213 209 284 209 192 165 206 265 192 291 318 360 357 291 170 242 39 170 218 238 159 247 218 398 378 398 206 69 308 350 308 207 136 207 405 493 434 400 502 405 
71 73 47 184 122 18 90 47 238 260 197 246 237 238 154 186 206 154 326 244 322 232 135 244 136 0 15 14 53 56 0 220 246 186 178 254 137 152 186 221 75 75 27 75 158 186 244 174 158 119 187 144 99 83 119 192 164 192 89 178 89 80 156 80 131 37 72 239 131 208 216 257 293 208 34 130 101 34 150 168 45 277 150 288 259 288 71 83 198 264 198 72 136 72 286 361 324 282 390 286 
67 76 60 197 121 7 97 60 248 270 209 256 247 248 165 201 213 165 338 255 334 236 146 255 140 15 0 7 66 68 15 230 253 190 187 255 144 159 190 230 74 74 15 74 171 200 253 181 171 129 198 146 106 81 129 205 177 205 97 184 97 85 161 85 117 47 75 225 117 221 226 267 306 221 32 140 103 32 164 181 58 291 164 296 265 296 67 92 207 276 207 69 125 69 293 362 331 289 397 293 
74 82 61 198 128 5 101 61 251 273 211 259 250 251 167 198 217 167 340 249 329 229 140 249 133 14 7 0 62 63 14 233 258 196 191 261 149 164 196 234 81 81 13 81 167 196 246 174 167 122 192 139 99 75 122 206 178 206 101 189 101 90 166 90 118 50 81 226 118 222 229 270 307 222 39 143 96 39 164 182 59 287 164 300 270 300 74 85 211 278 211 76 123 76 297 368 336 293 401 297 
115 101 42 162 153 67 101 42 230 250 178 238 226 230 139 139 212 139 302 192 270 202 88 192 115 53 66 62 0 15 53 204 250 198 175 275 143 158 198 214 113 113 73 113 105 134 199 137 105 77 139 129 68 90 77 164 142 164 99 185 99 99 171 99 178 58 100 282 178 186 206 249 263 186 80 127 90 80 117 138 46 225 117 284 263 284 114 47 194 244 194 114 166 114 290 380 320 285 388 290 
124 113 55 176 165 67 115 55 245 265 192 253 241 245 154 145 227 154 316 188 266 188 80 188 100 56 68 63 15 0 56 219 265 213 190 289 158 173 213 229 124 124 72 124 106 138 190 125 106 66 132 114 53 77 66 177 156 177 113 200 113 112 185 112 173 70 112 275 173 200 221 264 276 200 87 142 75 87 130 151 60 226 130 299 278 299 123 33 209 258 209 122 156 122 305 394 335 300 403 305 
71 73 47 184 122 18 90 47 238 260 197 246 237 238 154 186 206 154 326 244 322 232 135 244 136 0 15 14 53 56 0 220 246 186 178 254 137 152 186 221 75 75 27 75 158 186 244 174 158 119 187 144 99 83 119 192 164 192 89 178 89 80 156 80 131 37 72 239 131 208 216 257 293 208 34 130 101 34 150 168 45 277 150 288 259 288 71 83 198 264 198 72 136 72 286 361 324 282 390 286 
206 170 175 49 172 237 139 175 38 48 28 45 28 38 66 160 83 66 113 296 335 385 251 296 313 220 230 233 204 219 220 0 88 109 57 178 101 92 109 39 190 190 245 190 211 190 342 313 211 258 280 329 265 292 258 63 64 63 137 91 137 154 116 154 336 184 170 446 336 35 21 50 100 35 208 92 293 208 101 83 175 249 101 95 100 95 205 245 47 48 47 200 355 200 118 250 127 110 194 118 
207 179 212 128 155 260 157 212 53 67 109 50 64 53 121 242 41 121 161 376 421 447 315 376 364 246 253 258 250 265 246 88 0 70 77 99 109 94 70 50 192 192 268 192 284 270 415 376 284 317 352 378 317 328 317 147 135 147 157 70 157 168 97 168 340 210 179 443 340 122 69 59 173 122 224 123 338 224 174 161 209 336 174 49 14 49 206 296 60 111 60 201 374 201 41 162 81 36 144 41 
139 115 158 124 86 197 99 158 94 118 113 98 101 94 98 227 33 98 212 350 407 400 273 350 312 186 190 196 198 213 186 109 70 0 58 86 56 44 0 77 124 124 205 124 254 250 381 332 254 271 317 324 266 269 271 146 120 146 100 20 100 106 30 106 271 151 115 374 271 132 89 111 208 132 160 79 282 160 153 148 154 329 153 118 79 118 138 245 62 151 62 133 310 133 105 185 151 103 211 105 
152 119 139 67 115 194 91 139 61 85 56 69 62 61 46 174 46 46 169 303 355 370 238 303 289 178 187 191 175 190 178 57 77 58 0 140 46 35 58 43 136 136 202 136 210 199 339 299 210 240 276 304 241 256 240 89 65 89 90 38 90 105 59 105 286 141 119 392 286 75 43 81 157 75 161 48 264 161 102 93 137 274 102 111 91 111 151 220 20 104 20 146 312 146 117 228 147 111 214 117 
192 181 234 206 134 262 175 234 149 166 190 148 160 149 183 312 96 183 259 435 493 477 356 435 386 254 255 261 275 289 254 178 99 86 140 0 140 129 86 139 181 181 267 181 339 336 465 412 339 351 401 397 342 336 351 227 205 227 177 105 177 177 107 177 310 222 182 401 310 208 157 158 270 208 223 164 354 223 238 232 229 413 238 138 95 138 192 322 135 209 135 188 363 188 104 107 155 109 194 104 
106 73 104 93 73 151 48 104 107 131 91 114 108 107 57 179 70 57 214 297 357 344 217 297 258 137 144 149 143 158 137 101 109 56 46 140 0 15 56 88 90 90 159 90 200 199 325 276 200 215 262 270 211 219 215 113 81 113 48 42 48 60 34 60 240 101 73 346 240 110 89 127 197 110 117 27 229 117 105 106 100 283 105 152 122 152 105 190 65 149 65 100 268 100 150 241 187 145 253 150 
119 87 118 91 80 166 63 118 94 118 86 101 97 94 58 185 55 58 204 306 364 358 230 306 273 152 159 164 158 173 152 92 94 44 35 129 15 0 44 75 103 103 174 103 210 207 337 289 210 229 273 285 226 234 229 112 82 112 63 28 63 75 30 75 253 116 87 359 253 105 78 114 190 105 131 35 244 131 111 109 115 288 111 137 107 137 118 205 52 139 52 113 282 113 135 229 172 130 238 135 
139 115 158 124 86 197 99 158 94 118 113 98 101 94 98 227 33 98 212 350 407 400 273 350 312 186 190 196 198 213 186 109 70 0 58 86 56 44 0 77 124 124 205 124 254 250 381 332 254 271 317 324 266 269 271 146 120 146 100 20 100 106 30 106 271 151 115 374 271 132 89 111 208 132 160 79 282 160 153 148 154 329 153 118 79 118 138 245 62 151 62 133 310 133 105 185 151 103 211 105 
194 161 181 78 152 237 134 181 19 44 59 26 24 19 78 192 48 78 135 327 371 406 272 327 328 221 230 234 214 229 221 39 50 77 43 139 88 75 77 0 178 178 245 178 237 221 368 334 237 276 306 343 280 298 276 97 88 97 133 64 133 147 92 147 328 184 161 434 328 72 19 39 134 72 204 91 304 204 126 112 179 286 126 70 63 70 193 259 23 74 23 188 355 188 85 212 106 77 174 85 
16 23 78 170 47 81 55 78 197 221 174 204 198 197 133 217 151 133 303 302 376 307 201 302 211 75 74 81 113 124 75 190 192 124 136 181 90 103 124 178 0 0 86 0 209 226 312 247 209 189 252 219 173 155 189 186 153 186 57 123 57 39 95 39 150 55 24 256 150 191 179 217 280 191 42 99 176 42 157 168 72 318 157 238 202 238 15 155 155 238 155 10 186 10 229 288 272 226 334 229 
16 23 78 170 47 81 55 78 197 221 174 204 198 197 133 217 151 133 303 302 376 307 201 302 211 75 74 81 113 124 75 190 192 124 136 181 90 103 124 178 0 0 86 0 209 226 312 247 209 189 252 219 173 155 189 186 153 186 57 123 57 39 95 39 150 55 24 256 150 191 179 217 280 191 42 99 176 42 157 168 72 318 157 238 202 238 15 155 155 238 155 10 186 10 229 288 272 226 334 229 
77 90 74 211 133 9 112 74 263 285 223 271 262 263 180 211 228 180 353 257 337 228 147 257 132 27 15 13 73 72 27 245 268 205 202 267 159 174 205 245 86 86 0 86 178 207 252 178 178 128 199 137 103 70 128 219 191 219 112 199 112 100 175 100 105 62 90 213 105 235 241 282 320 235 45 155 94 45 177 195 72 298 177 311 280 311 77 91 222 291 222 79 110 79 308 374 346 304 412 308 
16 23 78 170 47 81 55 78 197 221 174 204 198 197 133 217 151 133 303 302 376 307 201 302 211 75 74 81 113 124 75 190 192 124 136 181 90 103 124 178 0 0 86 0 209 226 312 247 209 189 252 219 173 155 189 186 153 186 57 123 57 39 95 39 150 55 24 256 150 191 179 217 280 191 42 99 176 42 157 168 72 318 157 238 202 238 15 155 155 238 155 10 186 10 229 288 272 226 334 229 
215 191 132 162 239 172 176 132 246 258 183 255 238 246 164 66 255 164 276 97 167 182 58 97 141 158 171 167 105 106 158 211 284 254 210 339 200 210 254 237 209 209 178 209 0 42 131 113 0 79 70 160 107 165 79 150 150 150 173 236 173 182 234 182 278 155 190 376 278 179 222 260 227 179 183 175 145 183 111 128 137 121 111 305 298 305 214 99 224 234 224 212 250 212 322 437 337 314 404 322 
234 205 151 143 249 201 185 151 227 235 163 235 218 227 154 31 245 154 242 107 158 219 100 107 183 186 200 196 134 138 186 190 270 250 199 336 199 207 250 221 226 226 207 226 42 0 156 152 42 121 102 202 147 204 121 127 135 127 182 231 182 194 233 194 311 175 204 412 311 156 204 239 192 156 206 173 185 206 98 109 157 92 98 284 283 284 233 138 210 206 210 230 289 230 306 427 315 298 380 306 
313 300 238 293 352 250 293 238 377 389 314 386 369 377 294 187 384 294 396 65 127 94 112 65 138 244 253 246 199 190 244 342 415 381 339 465 325 337 381 368 312 312 252 312 131 156 0 79 131 125 64 149 149 202 125 280 281 280 291 364 291 296 358 296 328 257 299 402 328 309 353 391 345 309 277 302 171 277 242 259 244 162 242 436 429 436 312 161 355 362 355 312 273 312 453 565 468 445 535 453 
245 237 178 265 289 177 237 178 346 361 285 355 340 346 257 179 341 257 388 115 194 72 63 115 60 174 181 174 137 125 174 313 376 332 299 412 276 289 332 334 247 247 178 247 113 152 79 0 113 61 59 73 76 124 61 257 250 257 235 317 235 236 306 236 249 194 236 325 249 285 321 362 340 285 208 256 92 208 213 232 183 199 213 404 390 404 245 92 317 343 317 245 195 245 416 516 438 409 506 416 
215 191 132 162 239 172 176 132 246 258 183 255 238 246 164 66 255 164 276 97 167 182 58 97 141 158 171 167 105 106 158 211 284 254 210 339 200 210 254 237 209 209 178 209 0 42 131 113 0 79 70 160 107 165 79 150 150 150 173 236 173 182 234 182 278 155 190 376 278 179 222 260 227 179 183 175 145 183 111 128 137 121 111 305 298 305 214 99 224 234 224 212 250 212 322 437 337 314 404 322 
189 178 118 211 230 126 177 118 289 306 230 298 283 289 198 141 281 198 341 132 214 130 24 132 63 119 129 122 77 66 119 258 317 271 240 351 215 229 271 276 189 189 128 189 79 121 125 61 79 0 71 82 31 93 0 205 194 205 175 257 175 176 245 176 216 135 177 306 216 232 264 306 296 232 152 195 68 152 159 179 123 192 159 346 331 346 188 37 258 291 258 188 177 188 357 455 381 350 449 357 
254 238 177 231 290 196 230 177 315 328 252 324 307 315 231 132 321 231 343 63 145 118 52 63 110 187 198 192 139 132 187 280 352 317 276 401 262 273 317 306 252 252 199 252 70 102 64 59 70 71 0 126 101 161 71 220 219 220 228 300 228 233 294 233 286 197 237 371 286 249 291 329 293 249 219 238 132 219 180 197 182 141 180 374 366 374 253 108 292 304 292 253 241 253 391 502 406 383 474 391 
213 216 167 284 266 140 226 167 357 376 302 366 353 357 266 223 340 266 419 186 267 95 102 186 19 144 146 139 129 114 144 329 378 324 304 397 270 285 324 343 219 219 137 219 160 202 149 73 160 82 126 0 64 69 82 281 266 281 225 312 225 220 296 220 185 175 215 253 185 307 333 375 376 307 177 256 44 177 234 255 171 265 234 413 392 413 213 84 323 366 323 214 125 214 419 504 449 414 517 419 
170 164 108 220 216 102 168 108 294 313 238 303 290 294 203 164 279 203 355 163 245 136 55 163 48 99 106 99 68 53 99 265 317 266 241 342 211 226 266 280 173 173 103 173 107 147 149 76 107 31 101 64 0 62 31 217 202 217 166 253 166 165 238 165 185 121 163 275 185 243 270 312 312 243 133 194 38 133 170 191 113 223 170 350 330 350 169 21 260 302 260 170 146 170 357 447 386 352 454 357 
147 156 118 251 202 74 171 118 315 336 267 323 312 315 226 217 288 226 392 224 306 163 117 224 69 83 81 75 90 77 83 292 328 269 256 336 219 234 269 298 155 155 70 155 165 204 202 124 165 93 161 69 62 0 93 254 231 254 171 260 171 163 239 163 126 118 155 213 126 275 291 334 353 275 113 208 32 113 207 227 120 284 207 367 341 367 147 67 276 333 276 149 85 149 368 443 403 364 470 368 
189 178 118 211 230 126 177 118 289 306 230 298 283 289 198 141 281 198 341 132 214 130 24 132 63 119 129 122 77 66 119 258 317 271 240 351 215 229 271 276 189 189 128 189 79 121 125 61 79 0 71 82 31 93 0 205 194 205 175 257 175 176 245 176 216 135 177 306 216 232 264 306 296 232 152 195 68 152 159 179 123 192 159 346 331 346 188 37 258 291 258 188 177 188 357 455 381 350 449 357 
200 163 145 22 183 210 131 145 101 109 38 108 91 101 56 97 131 56 139 233 274 329 195 233 265 192 205 206 164 177 192 63 147 146 89 227 113 112 146 97 186 186 219 186 150 127 280 257 150 205 220 281 217 254 205 0 33 0 129 126 129 147 141 147 319 160 162 429 319 29 79 112 101 29 191 91 249 191 47 27 147 189 47 158 160 158 199 199 93 86 93 194 325 194 181 309 189 172 255 181 
167 130 118 20 151 182 98 118 97 112 37 106 90 97 24 109 111 24 162 241 290 321 187 241 250 164 177 178 142 156 164 64 135 120 65 205 81 82 120 88 153 153 191 153 150 135 281 250 150 194 219 266 202 231 194 33 0 33 96 100 96 114 111 114 289 131 130 399 289 44 72 113 131 44 160 58 231 160 39 28 119 209 39 155 149 155 167 182 75 102 75 161 299 161 172 293 189 165 257 172 
200 163 145 22 183 210 131 145 101 109 38 108 91 101 56 97 131 56 139 233 274 329 195 233 265 192 205 206 164 177 192 63 147 146 89 227 113 112 146 97 186 186 219 186 150 127 280 257 150 205 220 281 217 254 205 0 33 0 129 126 129 147 141 147 319 160 162 429 319 29 79 112 101 29 191 91 249 191 47 27 147 189 47 158 160 158 199 199 93 86 93 194 325 194 181 309 189 172 255 181 
71 34 58 114 68 104 3 58 151 175 120 159 151 151 77 168 118 77 249 270 337 301 180 270 213 89 97 101 99 113 89 137 157 100 90 177 48 63 100 133 57 57 112 57 173 182 291 235 173 175 228 225 166 171 175 129 96 129 0 90 0 18 72 18 199 53 34 309 199 136 131 171 225 136 71 45 182 71 102 112 54 271 102 199 170 199 71 146 110 185 110 65 222 65 198 281 235 193 301 198 
138 110 146 104 90 191 89 146 82 106 94 87 88 82 78 207 29 78 198 332 388 386 258 332 300 178 184 189 185 200 178 91 70 20 38 105 42 28 20 64 123 123 199 123 236 231 364 317 236 257 300 312 253 260 257 126 100 126 90 0 90 99 30 99 272 142 110 377 272 113 73 100 191 113 155 63 271 155 133 128 142 309 133 115 82 115 138 232 45 135 45 133 305 133 109 202 150 105 213 109 
71 34 58 114 68 104 3 58 151 175 120 159 151 151 77 168 118 77 249 270 337 301 180 270 213 89 97 101 99 113 89 137 157 100 90 177 48 63 100 133 57 57 112 57 173 182 291 235 173 175 228 225 166 171 175 129 96 129 0 90 0 18 72 18 199 53 34 309 199 136 131 171 225 136 71 45 182 71 102 112 54 271 102 199 170 199 71 146 110 185 110 65 222 65 198 281 235 193 301 198 
53 16 58 132 57 92 16 58 166 190 137 173 167 166 95 182 128 95 266 279 348 300 184 279 209 80 85 90 99 112 80 154 168 106 105 177 60 75 106 147 39 39 100 39 182 194 296 236 182 176 233 220 165 163 176 147 114 147 18 99 18 0 77 0 182 45 16 292 182 154 146 186 243 154 57 62 177 57 119 129 53 285 119 212 180 212 53 145 124 202 124 47 208 47 208 284 247 204 312 208 
111 85 130 120 61 168 70 130 111 136 114 117 116 111 87 213 57 87 226 331 391 373 249 331 284 156 161 166 171 185 156 116 97 30 59 107 34 30 30 92 95 95 175 95 234 233 358 306 234 245 294 296 238 239 245 141 111 141 72 30 72 77 0 77 244 122 86 348 244 133 100 130 216 133 131 61 253 131 139 138 125 317 139 144 107 144 110 218 72 162 72 105 281 105 134 210 178 131 239 134 
53 16 58 132 57 92 16 58 166 190 137 173 167 166 95 182 128 95 266 279 348 300 184 279 209 80 85 90 99 112 80 154 168 106 105 177 60 75 106 147 39 39 100 39 182 194 296 236 182 176 233 220 165 163 176 147 114 147 18 99 18 0 77 0 182 45 16 292 182 154 146 186 243 154 57 62 177 57 119 129 53 285 119 212 180 212 53 145 124 202 124 47 208 47 208 284 247 204 312 208 
134 167 176 309 187 114 197 176 347 371 318 354 348 347 274 316 301 274 448 348 429 278 238 348 192 131 117 118 178 173 131 336 340 271 286 310 240 253 271 328 150 150 105 150 278 311 328 249 278 216 286 185 185 126 216 319 289 319 199 272 199 182 244 182 0 159 167 110 0 332 328 367 420 332 129 244 157 129 279 297 173 399 279 387 350 387 135 182 305 383 305 140 73 140 376 412 421 374 482 376 
60 43 24 151 95 53 53 24 202 224 162 210 200 202 118 170 170 118 292 248 322 257 146 248 165 37 47 50 58 70 37 184 210 151 141 222 101 116 151 184 55 55 62 55 155 175 257 194 155 135 197 175 121 118 135 160 131 160 53 142 53 45 122 45 159 0 42 269 159 175 180 221 261 175 33 94 132 33 122 138 18 267 122 251 223 251 59 102 161 229 161 57 172 57 250 329 287 246 353 250 
38 1 61 148 53 82 32 61 180 204 153 187 181 180 111 194 139 111 282 285 356 299 187 285 206 72 75 81 100 112 72 170 179 115 119 182 73 87 115 161 24 24 90 24 190 204 299 236 190 177 237 215 163 155 177 162 130 162 34 110 34 16 86 16 167 42 0 276 167 170 161 200 259 170 45 78 172 45 133 145 55 296 133 224 191 224 37 144 138 218 138 32 195 32 219 289 259 215 323 219 
241 276 285 419 288 221 307 285 453 477 428 460 454 453 384 420 404 384 558 434 515 333 330 434 265 239 225 226 282 275 239 446 443 374 392 401 346 359 374 434 256 256 213 256 376 412 402 325 376 306 371 253 275 213 306 429 399 429 309 377 309 292 348 292 110 269 276 0 110 442 435 473 530 442 239 354 240 239 389 406 283 496 389 491 452 491 241 277 411 493 411 247 130 247 477 496 524 476 582 477 
134 167 176 309 187 114 197 176 347 371 318 354 348 347 274 316 301 274 448 348 429 278 238 348 192 131 117 118 178 173 131 336 340 271 286 310 240 253 271 328 150 150 105 150 278 311 328 249 278 216 286 185 185 126 216 319 289 319 199 272 199 182 244 182 0 159 167 110 0 332 328 367 420 332 129 244 157 129 279 297 173 399 279 387 350 387 135 182 305 383 305 140 73 140 376 412 421 374 482 376 
207 170 162 24 183 226 138 162 73 80 19 80 63 73 59 126 112 59 118 262 300 357 223 262 291 208 221 222 186 200 208 35 122 132 75 208 110 105 132 72 191 191 235 191 179 156 309 285 179 232 249 307 243 275 232 29 44 29 136 113 136 154 133 154 332 175 170 442 332 0 54 83 89 0 203 92 273 203 73 53 163 214 73 129 135 129 206 224 73 59 73 201 343 201 153 284 160 145 226 153 
195 161 174 61 158 232 132 174 25 45 41 34 21 25 67 175 63 67 126 310 353 393 259 310 318 216 226 229 206 221 216 21 69 89 43 157 89 78 89 19 179 179 241 179 222 204 353 321 222 264 291 333 270 291 264 79 72 79 131 73 131 146 100 146 328 180 161 435 328 54 0 43 119 54 202 86 296 202 111 95 173 267 111 83 81 83 194 249 28 63 28 189 351 189 102 231 117 94 185 102 
233 200 216 98 190 274 172 216 20 8 78 13 23 20 110 209 78 110 104 345 382 434 300 345 360 257 267 270 249 264 257 50 59 111 81 158 127 114 111 39 217 217 282 217 260 239 391 362 260 306 329 375 312 334 306 112 113 112 171 100 171 186 130 186 367 221 200 473 367 83 43 0 115 83 242 127 338 242 150 132 215 294 150 46 65 46 232 291 62 53 62 227 392 227 76 212 77 67 145 76 
296 259 246 111 270 311 227 246 121 107 107 123 111 121 148 162 181 148 52 287 302 409 281 287 357 293 306 307 263 276 293 100 173 208 157 270 197 190 208 134 280 280 320 280 227 192 345 340 227 296 293 376 312 353 296 101 131 101 225 191 225 243 216 243 420 261 259 530 420 89 119 115 0 89 291 181 346 291 146 126 248 212 146 152 180 152 295 295 147 62 147 290 426 290 188 324 167 179 218 188 
207 170 162 24 183 226 138 162 73 80 19 80 63 73 59 126 112 59 118 262 300 357 223 262 291 208 221 222 186 200 208 35 122 132 75 208 110 105 132 72 191 191 235 191 179 156 309 285 179 232 249 307 243 275 232 29 44 29 136 113 136 154 133 154 332 175 170 442 332 0 54 83 89 0 203 92 273 203 73 53 163 214 73 129 135 129 206 224 73 59 73 201 343 201 153 284 160 145 226 153 
37 46 56 180 89 39 71 56 222 246 189 230 222 222 145 203 184 145 319 272 349 266 167 272 170 34 32 39 80 87 34 208 224 160 161 223 117 131 160 204 42 42 45 42 183 206 277 208 183 152 219 177 133 113 152 191 160 191 71 155 71 57 131 57 129 33 45 239 129 203 202 242 291 203 0 116 134 0 154 170 51 298 154 268 236 268 37 116 181 255 181 38 152 38 264 330 303 260 368 264 
115 78 91 73 93 147 47 91 108 130 75 116 107 108 35 152 86 35 204 271 330 325 195 271 242 130 140 143 127 142 130 92 123 79 48 164 27 35 79 91 99 99 155 99 175 173 302 256 175 195 238 256 194 208 195 91 58 91 45 63 45 62 61 62 244 94 78 354 244 92 86 127 181 92 116 0 216 116 79 81 89 256 79 159 136 159 114 174 68 140 68 109 265 109 163 264 195 158 262 163 
170 173 126 250 222 97 183 126 320 339 267 328 316 320 229 202 299 229 387 194 276 135 92 194 39 101 103 96 90 75 101 293 338 282 264 354 229 244 282 304 176 176 94 176 145 185 171 92 145 68 132 44 38 32 68 249 231 249 182 271 182 177 253 177 157 132 172 240 157 273 296 338 346 273 134 216 0 134 202 222 129 260 202 374 351 374 170 51 283 332 283 171 110 171 378 461 410 373 478 378 
37 46 56 180 89 39 71 56 222 246 189 230 222 222 145 203 184 145 319 272 349 266 167 272 170 34 32 39 80 87 34 208 224 160 161 223 117 131 160 204 42 42 45 42 183 206 277 208 183 152 219 177 133 113 152 191 160 191 71 155 71 57 131 57 129 33 45 239 129 203 202 242 291 203 0 116 134 0 154 170 51 298 154 268 236 268 37 116 181 255 181 38 152 38 264 330 303 260 368 264 
170 134 104 52 166 168 105 104 135 149 73 144 128 135 56 74 148 56 186 202 255 284 150 202 218 150 164 164 117 130 150 101 174 153 102 238 105 111 153 126 157 157 177 157 111 98 242 213 111 159 180 234 170 207 159 47 39 47 102 133 102 119 139 119 279 122 133 389 279 73 111 150 146 73 154 79 202 154 0 21 106 178 0 194 187 194 169 152 114 132 114 164 281 164 211 330 227 203 295 211 
182 145 121 34 172 186 115 121 119 131 55 127 110 119 51 82 139 51 165 215 262 304 170 215 238 168 181 182 138 151 168 83 161 148 93 232 106 109 148 112 168 168 195 168 128 109 259 232 128 179 197 255 191 227 179 27 28 27 112 128 112 129 138 129 297 138 145 406 297 53 95 132 126 53 170 81 222 170 21 0 124 181 21 177 174 177 181 172 102 112 102 176 300 176 197 320 209 189 277 197 
78 56 6 139 108 63 55 6 196 218 152 204 194 196 109 152 170 109 281 231 304 248 132 231 159 45 58 59 46 60 45 175 209 154 137 229 100 115 154 179 72 72 72 72 137 157 244 183 137 123 182 171 113 120 123 147 119 147 54 142 54 53 125 53 173 18 55 283 173 163 173 215 248 163 51 89 129 51 106 124 0 249 106 248 222 248 77 93 157 219 157 75 181 75 250 335 284 245 351 250 
326 297 243 210 339 291 274 243 287 289 227 293 276 287 231 105 319 231 264 97 90 250 168 97 247 277 291 287 225 226 277 249 336 329 274 413 283 288 329 286 318 318 298 318 121 92 162 199 121 192 141 265 223 284 192 189 209 189 271 309 271 285 317 285 399 267 296 496 399 214 267 294 212 214 298 256 260 298 178 181 249 0 178 340 348 340 325 219 281 249 281 322 369 322 367 498 365 358 425 367 
170 134 104 52 166 168 105 104 135 149 73 144 128 135 56 74 148 56 186 202 255 284 150 202 218 150 164 164 117 130 150 101 174 153 102 238 105 111 153 126 157 157 177 157 111 98 242 213 111 159 180 234 170 207 159 47 39 47 102 133 102 119 139 119 279 122 133 389 279 73 111 150 146 73 154 79 202 154 0 21 106 178 0 194 187 194 169 152 114 132 114 164 281 164 211 330 227 203 295 211 
253 224 250 143 203 303 199 250 59 51 122 50 67 59 148 255 87 148 127 391 428 476 342 391 398 288 296 300 284 299 288 95 49 118 111 138 152 137 118 70 238 238 311 238 305 284 436 404 305 346 374 413 350 367 346 158 155 158 199 115 199 212 144 212 387 251 224 491 387 129 83 46 152 129 268 159 374 268 194 177 248 340 194 0 45 0 253 329 91 94 91 248 419 248 37 172 36 29 104 37 
218 191 225 141 164 272 170 225 64 73 122 59 75 64 135 255 53 135 165 389 434 460 329 389 378 259 265 270 263 278 259 100 14 79 91 95 122 107 79 63 202 202 280 202 298 283 429 390 298 331 366 392 330 341 331 160 149 160 170 82 170 180 107 180 350 223 191 452 350 135 81 65 180 135 236 136 351 236 187 174 222 348 187 45 0 45 217 310 74 118 74 212 386 212 28 150 73 24 132 28 
253 224 250 143 203 303 199 250 59 51 122 50 67 59 148 255 87 148 127 391 428 476 342 391 398 288 296 300 284 299 288 95 49 118 111 138 152 137 118 70 238 238 311 238 305 284 436 404 305 346 374 413 350 367 346 158 155 158 199 115 199 212 144 212 387 251 224 491 387 129 83 46 152 129 268 159 374 268 194 177 248 340 194 0 45 0 253 329 91 94 91 248 419 248 37 172 36 29 104 37 
1 37 83 185 58 73 69 83 212 236 189 219 213 212 148 226 166 148 318 306 381 302 202 306 206 71 67 74 114 123 71 205 206 138 151 192 105 118 138 193 15 15 77 15 214 233 312 245 214 188 253 213 169 147 188 199 167 199 71 138 71 53 110 53 135 59 37 241 135 206 194 232 295 206 37 114 170 37 169 181 77 325 169 253 217 253 0 153 170 253 170 6 173 6 243 299 287 241 349 243 
153 145 88 200 197 89 148 88 273 292 218 282 269 273 182 152 258 182 337 167 248 155 57 167 69 83 92 85 47 33 83 245 296 245 220 322 190 205 245 259 155 155 91 155 99 138 161 92 99 37 108 84 21 67 37 199 182 199 146 232 146 145 218 145 182 102 144 277 182 224 249 291 295 224 116 174 51 116 152 172 93 219 152 329 310 329 153 0 239 283 239 153 151 153 337 427 365 331 433 337 
171 138 159 72 131 214 111 159 42 66 55 49 45 42 61 184 39 61 154 316 364 388 255 316 308 198 207 211 194 209 198 47 60 62 20 135 65 52 62 23 155 155 222 155 224 210 355 317 224 258 292 323 260 276 258 93 75 93 110 45 110 124 72 124 305 161 138 411 305 73 28 62 147 73 181 68 283 181 114 102 157 281 114 91 74 91 170 239 0 91 0 165 332 165 100 218 127 93 195 100 
254 218 219 83 219 282 186 219 60 46 68 61 50 60 111 175 121 111 65 310 339 414 281 310 350 264 276 278 244 258 264 48 111 151 104 209 149 139 151 74 238 238 291 238 234 206 362 343 234 291 304 366 302 333 291 86 102 86 185 135 185 202 162 202 383 229 218 493 383 59 63 53 62 59 255 140 332 255 132 112 219 249 132 94 118 94 253 283 91 0 91 248 400 248 128 265 116 119 177 128 
171 138 159 72 131 214 111 159 42 66 55 49 45 42 61 184 39 61 154 316 364 388 255 316 308 198 207 211 194 209 198 47 60 62 20 135 65 52 62 23 155 155 222 155 224 210 355 317 224 258 292 323 260 276 258 93 75 93 110 45 110 124 72 124 305 161 138 411 305 73 28 62 147 73 181 68 283 181 114 102 157 281 114 91 74 91 170 239 0 91 0 165 332 165 100 218 127 93 195 100 
6 31 80 179 54 75 63 80 207 231 184 214 208 207 142 222 161 142 313 305 378 303 202 305 207 72 69 76 114 122 72 200 201 133 146 188 100 113 133 188 10 10 79 10 212 230 312 245 212 188 253 214 170 149 188 194 161 194 65 133 65 47 105 47 140 57 32 247 140 201 189 227 290 201 38 109 171 38 164 176 75 322 164 248 212 248 6 153 165 248 165 0 177 0 238 295 282 236 344 238 
173 196 181 319 231 119 222 181 373 395 332 381 372 373 290 300 334 290 461 304 385 212 201 304 136 136 125 123 166 156 136 355 374 310 312 363 268 282 310 355 186 186 110 186 250 289 273 195 250 177 241 125 146 85 177 325 299 325 222 305 222 208 281 208 73 172 195 130 73 343 351 392 426 343 152 265 110 152 281 300 181 369 281 419 386 419 173 151 332 400 332 177 0 177 414 467 454 410 518 414 
6 31 80 179 54 75 63 80 207 231 184 214 208 207 142 222 161 142 313 305 378 303 202 305 207 72 69 76 114 122 72 200 201 133 146 188 100 113 133 188 10 10 79 10 212 230 312 245 212 188 253 214 170 149 188 194 161 194 65 133 65 47 105 47 140 57 32 247 140 201 189 227 290 201 38 109 171 38 164 176 75 322 164 248 212 248 6 153 165 248 165 0 177 0 238 295 282 236 344 238 
244 218 252 163 190 300 197 252 81 83 143 74 91 81 160 277 80 160 164 412 453 487 355 412 405 286 293 297 290 305 286 118 41 105 117 104 150 135 105 85 229 229 308 229 322 306 453 416 322 357 391 419 357 368 357 181 172 181 198 109 198 208 134 208 376 250 219 477 376 153 102 76 188 153 264 163 378 264 211 197 250 367 211 37 28 37 243 337 100 128 100 238 414 238 0 137 52 9 106 0 
299 288 339 289 241 369 280 339 214 219 271 208 225 214 274 401 182 274 297 531 582 582 458 531 493 361 362 368 380 394 361 250 162 185 228 107 241 229 185 212 288 288 374 288 437 427 565 516 437 455 502 504 447 443 455 309 293 309 281 202 281 284 210 284 412 329 289 496 412 284 231 212 324 284 330 264 461 330 330 320 335 498 330 172 150 172 299 427 218 265 218 295 467 295 137 0 166 146 163 137 
288 259 286 175 236 338 235 286 93 80 155 84 100 93 184 285 121 184 132 421 455 510 376 421 434 324 331 336 320 335 324 127 81 151 147 155 187 172 151 106 272 272 346 272 337 315 468 438 337 381 406 449 386 403 381 189 189 189 235 150 235 247 178 247 421 287 259 524 421 160 117 77 167 160 303 195 410 303 227 209 284 365 227 36 73 36 287 365 127 116 127 282 454 282 52 166 0 50 68 52 
242 215 247 155 188 296 193 247 72 74 135 65 82 72 153 269 76 153 156 404 445 480 348 404 400 282 289 293 285 300 282 110 36 103 111 109 145 130 103 77 226 226 304 226 314 298 445 409 314 350 383 414 352 364 350 172 165 172 193 105 193 204 131 204 374 246 215 476 374 145 94 67 179 145 260 158 373 260 203 189 245 358 203 29 24 29 241 331 93 119 93 236 410 236 9 146 50 0 108 9 
350 323 353 243 296 404 301 353 161 146 222 152 167 161 252 350 184 252 173 486 515 578 444 486 502 390 397 401 388 403 390 194 144 211 214 194 253 238 211 174 334 334 412 334 404 380 535 506 404 449 474 517 454 470 449 255 257 255 301 213 301 312 239 312 482 353 323 582 482 226 185 145 218 226 368 262 478 368 295 277 351 425 295 104 132 104 349 433 195 177 195 344 518 344 106 163 68 108 0 106 
244 218 252 163 190 300 197 252 81 83 143 74 91 81 160 277 80 160 164 412 453 487 355 412 405 286 293 297 290 305 286 118 41 105 117 104 150 135 105 85 229 229 308 229 322 306 453 416 322 357 391 419 357 368 357 181 172 181 198 109 198 208 134 208 376 250 219 477 376 153 102 76 188 153 264 163 378 264 211 197 250 367 211 37 28 37 243 337 100 128 100 238 414 238 0 137 52 9 106 0 
Time Windows: 
0 2367
0 720
720 752
890 901
1065 1088
1216 1247
631 641
701 720
720 853
158 265
341 351
423 447
464 488
499 720
1477 1553
1682 1775
1275 1324
1416 1477
0 720
1610 1611
1693 1716
1936 1992
2126 2174
844 890
1610 2330
1610 1657
1672 1707
1714 1758
1820 1940
515 599
655 890
0 720
757 1477
1477 1537
875 932
1072 1129
1269 1269
1284 1326
1370 1477
757 1477
757 853
853 900
986 1084
1170 1477
1610 1626
1668 1817
1973 1981
2060 2066
739 890
1610 1635
1706 1710
1836 1868
1932 2012
634 685
778 890
720 735
768 966
279 720
720 795
885 1144
514 720
720 896
973 1128
485 720
1610 1637
1796 1805
407 424
700 719
829 890
720 738
792 909
232 259
374 521
610 720
1610 1620
1736 1817
2033 2090
2224 2330
1610 1637
1658 1674
1798 1831
640 641
819 890
1477 1902
1227 1240
1285 1477
757 1477
1610 2330
757 994
1085 1212
1303 1477
0 35
212 240
417 720
1477 1523
1660 1675
1841 1859
1189 1219
1327 1329
1435 1477
